NODOS:2841
ARISTAS:5046
0,1,13.52
2,0,59.25
3,2,25.47
4,3,121.28
5,6,0.46
7,8,43.24
9,10,55.24
11,12,8.68
13,14,0.20
15,13,1.80
16,17,25.11
18,16,4.67
19,18,37.78
20,21,0.20
22,23,10.80
18,24,0.20
25,26,32.58
16,25,18.46
27,28,31.34
29,30,0.10
31,29,8.11
32,33,57.10
34,35,19.26
36,34,7.21
37,36,0.20
38,37,5.70
39,40,76.56
40,41,32.76
42,43,88.64
44,45,1.68
46,44,1.10
47,48,5.42
49,50,0.20
50,51,36.45
52,50,7.81
53,54,42.93
54,55,34.04
55,56,0.20
57,58,22.39
59,57,18.91
60,61,78.10
62,63,9.92
64,65,7.34
66,67,3.24
68,66,82.37
69,67,32.47
70,69,15.00
71,72,32.35
73,74,20.71
75,76,3.16
77,78,0.48
79,80,7.33
81,82,23.63
83,84,0.50
85,83,34.25
86,87,3.68
88,89,1.12
90,88,0.20
91,92,14.34
93,94,39.56
95,96,60.99
97,95,14.10
98,97,33.37
93,98,125.43
99,100,2.82
101,102,28.52
103,104,39.03
105,106,4.58
107,108,4.00
109,96,40.59
110,109,0.20
111,110,81.94
112,98,611.33
113,112,18.10
114,113,181.53
115,114,16.60
116,117,61.23
118,119,0.76
120,118,0.20
121,118,23.37
122,121,10.00
123,122,0.95
124,121,0.63
125,122,1.38
126,127,0.37
128,126,0.20
129,130,8.93
131,132,8.96
131,133,6.34
134,135,5.51
136,137,5.62
138,139,34.91
140,141,33.45
142,2,2.90
143,142,23.32
144,145,17.12
58,146,32.13
147,148,72.33
149,150,43.70
151,149,2.21
152,153,20.82
154,152,1.29
155,156,33.13
157,158,34.29
159,160,1.77
161,159,0.20
162,163,72.74
164,162,1.78
163,165,0.18
1,166,50.44
167,4,16.67
168,167,101.63
169,168,8.68
170,169,9.39
171,170,128.59
172,171,7.94
173,172,9.03
174,173,132.88
175,176,82.35
177,178,73.98
179,175,0.50
160,179,0.20
164,160,6.67
158,164,33.72
180,158,15.00
181,182,23.39
183,184,6.55
185,186,2.01
187,188,62.10
189,190,32.86
191,192,39.42
193,194,0.20
195,193,24.17
196,197,0.21
198,196,109.03
199,200,11.73
201,202,82.36
200,203,22.76
204,205,0.20
194,204,35.20
206,207,0.20
208,209,0.20
207,208,59.74
210,211,23.37
212,210,84.98
213,62,105.93
214,215,32.61
197,214,0.20
216,198,10.11
217,216,23.07
218,217,13.10
219,220,86.10
221,4,17.20
222,221,53.41
223,222,77.44
224,42,55.79
225,224,56.93
226,42,37.48
102,227,34.05
228,229,14.96
230,228,50.76
231,230,47.77
232,231,129.53
233,232,146.77
234,201,12.52
42,234,63.35
235,101,37.37
220,235,30.99
236,1,38.24
237,236,36.83
238,237,36.83
239,238,40.92
240,239,85.37
241,240,0.20
242,243,123.07
244,245,32.93
246,244,86.79
247,248,31.19
229,247,81.35
30,225,40.83
249,30,7.88
250,249,17.28
251,250,38.77
252,251,60.06
253,252,23.45
254,253,14.04
255,93,40.41
256,257,21.61
258,256,51.50
259,258,23.34
260,259,18.34
261,260,17.18
262,263,30.77
264,265,80.43
266,264,69.21
267,268,83.08
269,59,20.51
60,269,25.42
92,60,15.56
63,270,131.53
271,272,75.50
273,271,18.99
274,273,39.54
275,276,50.53
277,275,5.89
278,279,45.78
280,281,64.77
282,283,66.92
209,282,0.20
284,285,36.58
286,287,46.07
288,289,84.17
290,266,3.86
291,292,26.05
265,291,2.32
178,290,81.00
293,93,273.69
294,293,4.47
295,294,6.85
296,295,138.26
74,267,8.90
287,297,40.65
298,254,55.69
299,298,4.04
261,299,43.82
300,261,27.69
292,301,269.16
302,303,48.04
205,302,3.50
35,304,35.21
227,226,39.05
305,306,1.98
307,305,0.20
308,309,1.95
285,310,57.14
311,285,6.83
312,311,12.50
313,303,58.75
314,276,4.11
315,316,23.25
317,315,0.64
318,299,0.20
319,318,3.65
320,319,10.61
321,322,14.99
323,324,81.09
304,189,0.57
325,326,38.55
327,328,48.38
329,32,51.46
330,329,9.23
331,330,48.65
332,188,53.13
333,332,2.70
334,333,19.33
335,336,37.27
337,338,36.34
339,255,26.30
340,341,64.79
342,340,1.52
343,344,41.92
345,346,33.25
347,348,6.34
349,350,36.50
350,351,0.26
352,353,0.34
354,352,31.67
355,247,36.47
356,357,12.78
358,359,40.43
360,361,14.92
362,363,14.14
364,365,21.80
366,364,1.31
367,311,14.94
368,97,101.95
369,370,8.59
371,369,11.68
372,373,31.87
374,375,9.37
376,374,2.19
377,376,0.33
378,372,0.56
379,378,9.00
283,212,48.91
380,205,0.20
381,380,0.20
203,381,81.36
192,206,12.72
382,218,52.99
211,382,7.45
215,195,72.82
383,241,0.21
384,383,80.97
385,384,1.48
98,385,80.31
146,70,24.84
386,301,60.15
387,209,0.20
72,387,8.11
297,151,51.43
388,213,68.54
245,388,38.33
389,262,41.40
390,262,38.27
263,38,14.49
391,392,10.93
393,391,52.08
394,393,12.54
395,209,0.20
396,395,6.38
397,396,5.09
344,246,55.11
398,344,61.92
399,400,2.21
401,399,0.20
402,37,5.86
403,404,0.76
405,403,0.20
388,406,36.07
407,255,32.03
176,407,0.52
408,180,30.74
409,408,5.14
410,409,34.52
141,410,36.21
3,141,32.36
277,331,16.34
411,252,0.13
412,411,0.20
268,413,83.17
414,415,1.25
146,414,3.25
416,273,0.21
324,73,25.69
417,397,31.48
418,71,10.55
392,418,28.26
419,420,64.59
421,39,64.24
41,422,35.42
423,421,48.74
303,423,46.55
424,425,21.64
426,34,39.39
427,428,44.17
429,430,2.26
431,429,63.16
432,431,0.53
433,434,33.42
435,298,3.76
322,435,19.14
436,322,11.14
437,438,22.92
167,439,45.07
440,441,35.86
442,443,3.13
444,442,38.22
445,446,35.63
447,445,0.20
448,449,45.12
450,448,51.01
451,452,22.95
453,454,46.79
455,456,27.86
457,458,40.94
459,333,0.12
460,459,27.21
461,462,35.22
463,464,32.23
465,466,33.77
467,465,0.20
468,469,45.29
470,471,0.93
472,470,39.69
338,473,32.83
474,475,0.20
95,474,84.54
476,477,82.90
478,476,43.53
479,480,43.55
281,280,71.23
45,281,1.59
481,482,29.90
483,69,3.67
484,483,38.85
485,183,32.12
486,487,84.57
488,489,39.75
490,84,16.80
148,332,0.42
491,492,1.70
493,491,38.27
494,495,39.31
496,494,0.63
497,498,40.68
499,500,77.58
501,221,33.59
502,503,40.73
504,505,30.30
506,507,38.02
487,506,0.20
508,509,1.13
510,508,39.31
511,512,46.57
513,139,45.06
514,515,37.62
516,517,48.76
518,95,75.42
519,520,42.08
521,522,0.10
523,521,38.27
182,524,59.71
525,526,86.24
527,185,79.60
517,528,38.84
529,183,63.71
530,531,1.34
532,530,38.57
533,534,44.24
535,536,35.16
537,538,42.35
539,537,0.10
540,541,20.43
388,540,0.77
445,542,19.36
262,543,67.25
544,545,68.83
67,544,3.28
546,547,32.38
256,546,0.81
548,549,34.01
550,551,43.75
552,535,47.61
553,554,33.37
555,553,3.15
228,556,45.03
555,261,37.64
67,555,14.26
166,59,59.38
151,557,7.58
558,559,34.94
560,561,37.55
202,562,83.83
563,564,27.45
565,259,0.46
566,565,29.37
260,566,0.49
1,0,13.53
0,2,59.26
2,3,25.47
3,4,121.29
326,567,80.70
567,70,0.20
568,569,0.20
569,570,81.20
570,70,0.20
571,572,0.20
573,574,12.55
575,576,5.94
577,578,4.36
579,580,2.17
581,582,9.27
583,584,11.91
584,585,8.04
586,587,16.95
588,589,7.85
590,584,0.57
584,581,13.50
581,579,1.87
579,591,12.48
592,593,11.06
593,594,5.15
594,595,0.20
596,597,16.77
597,598,5.56
599,600,10.54
601,602,3.08
603,601,33.36
604,605,6.54
606,604,2.12
607,125,1.78
125,422,36.97
594,586,25.95
593,608,0.20
608,609,0.20
597,610,0.15
611,612,2.06
613,614,0.29
591,613,0.45
613,588,12.69
588,611,3.61
611,591,12.06
615,616,3.70
617,618,8.96
618,267,48.65
211,619,0.20
619,620,0.83
621,622,4.59
623,621,2.94
624,623,14.79
625,626,22.56
627,606,44.70
628,627,34.42
627,629,72.66
630,631,0.16
632,633,73.65
633,227,81.17
634,635,24.49
636,637,120.00
638,639,59.09
639,637,14.34
637,438,39.83
438,526,6.74
526,452,9.25
452,640,26.08
641,642,36.85
643,644,14.02
6,5,0.46
289,645,58.40
645,398,83.31
646,647,30.41
648,649,117.00
390,650,41.05
650,651,39.12
279,651,15.37
652,101,48.25
653,654,28.67
655,653,44.66
655,656,42.69
656,657,21.06
658,655,25.59
659,660,0.70
660,661,11.18
662,663,29.00
663,662,176.23
664,665,79.59
665,666,8.55
666,664,92.83
101,667,34.97
288,268,63.24
668,669,8.68
670,671,20.24
672,246,37.41
673,674,35.81
675,676,1.62
677,675,2.21
676,678,28.90
679,677,7.19
677,680,8.38
680,678,4.36
681,682,28.18
637,481,12.92
481,683,30.91
683,684,21.69
525,684,57.50
685,686,56.13
686,687,62.75
688,689,123.68
690,691,0.20
691,692,0.20
693,690,126.73
690,691,0.20
691,694,0.20
692,691,0.20
691,695,0.20
694,691,0.20
691,695,0.20
696,697,101.91
697,694,19.69
10,9,48.61
685,698,0.20
698,688,0.20
699,698,0.20
698,685,0.20
699,698,0.20
698,700,0.20
700,698,0.20
698,688,0.20
695,701,124.64
702,703,0.20
703,704,0.20
705,703,0.20
703,702,0.20
702,706,126.50
705,703,0.20
703,701,0.20
701,703,0.20
703,704,0.20
704,707,126.05
692,705,124.57
708,709,0.20
709,710,0.20
706,709,0.20
709,708,0.20
708,711,125.25
706,709,0.20
709,707,0.20
707,709,0.20
709,710,0.20
710,712,125.25
713,714,0.20
714,715,0.20
715,685,82.60
711,714,0.20
714,713,0.20
713,403,43.33
403,716,70.34
711,714,0.20
714,712,0.20
712,699,82.72
712,714,0.20
714,715,0.20
715,717,123.24
718,188,0.20
719,718,0.20
720,721,0.20
721,188,0.20
722,188,2.09
723,188,0.20
723,188,6.21
724,725,76.86
726,727,61.19
728,729,0.59
730,728,4.23
731,730,0.52
732,731,4.20
733,732,0.59
734,733,4.01
729,735,12.44
735,736,0.32
736,737,0.20
737,738,28.50
738,739,0.20
739,740,1.50
740,741,2.14
742,734,0.70
244,743,21.64
744,745,35.06
746,747,7.06
748,749,0.20
749,750,54.48
750,751,113.74
752,753,37.40
754,755,16.38
755,756,7.13
756,754,4.37
757,758,13.95
758,759,8.04
759,760,5.06
760,761,16.86
761,762,16.82
12,11,8.68
14,13,0.20
13,15,1.80
763,237,0.20
237,764,0.20
764,237,0.20
237,765,0.20
237,766,0.20
766,237,0.20
237,763,0.20
765,237,0.20
767,768,26.57
769,770,5.09
770,771,4.11
772,773,3.25
773,774,4.93
775,776,72.68
17,16,23.15
16,18,4.67
18,19,36.66
19,21,0.96
21,20,0.20
23,22,10.80
24,18,0.20
24,25,0.14
25,22,7.24
26,25,28.58
25,16,22.45
65,64,6.66
28,27,31.34
777,778,0.20
778,607,29.26
779,636,135.12
246,780,56.89
780,781,17.48
781,782,82.94
783,784,51.17
784,525,56.56
641,785,15.01
640,641,1.70
786,787,4.31
788,789,66.89
30,29,0.10
29,31,8.11
790,791,1.55
792,635,0.20
793,794,785.34
795,796,16.29
796,797,0.78
794,796,0.80
796,798,15.91
799,800,0.10
422,274,45.07
274,310,42.06
422,801,43.50
801,802,110.40
802,803,34.09
803,33,40.64
33,32,57.10
35,34,19.26
34,36,7.21
36,37,0.20
37,38,5.70
804,35,115.19
805,806,32.90
806,807,15.62
808,807,16.09
809,810,29.79
810,811,0.95
811,752,13.68
752,809,21.95
755,812,3.67
812,813,17.87
745,814,0.11
814,815,8.39
744,816,0.20
816,817,2.38
756,817,0.10
817,818,7.26
812,818,8.52
818,819,0.15
819,820,12.78
820,746,0.20
746,821,0.20
821,822,12.16
820,823,14.04
821,824,14.12
815,825,3.14
825,744,134.96
826,814,28.26
815,827,28.60
828,829,9.94
829,830,26.83
686,831,10.56
40,39,76.56
41,40,32.76
825,832,0.72
832,833,10.32
833,834,20.72
834,835,0.20
835,836,23.38
745,837,0.20
837,838,2.47
839,840,2.11
829,839,0.10
840,837,0.20
841,830,0.20
830,842,2.47
842,843,5.89
843,844,2.53
844,845,17.13
833,846,4.92
847,845,22.73
845,846,3.44
846,848,39.43
849,850,1.76
850,851,5.17
851,852,0.20
852,853,0.20
853,849,0.43
853,854,0.20
854,850,0.20
844,849,1.59
849,854,0.20
854,851,1.06
852,854,0.20
855,856,3.16
857,858,3.73
858,859,5.62
860,861,3.61
862,863,3.39
864,865,3.30
866,867,3.19
868,869,2.98
835,842,2.55
870,871,3.46
871,832,0.20
872,288,0.20
288,873,0.30
874,875,61.41
872,288,0.20
288,874,0.20
876,872,43.65
877,431,17.33
431,873,17.76
873,878,77.40
879,880,58.12
880,881,17.58
882,429,38.80
429,877,33.61
877,883,0.20
883,881,0.20
876,883,0.20
883,877,0.20
884,883,0.20
883,876,0.20
881,883,0.20
883,884,0.20
885,882,125.97
886,13,71.02
13,887,45.48
887,888,0.20
888,889,0.20
882,888,0.20
888,887,0.20
879,888,0.20
888,882,0.20
889,888,0.20
888,879,0.20
43,42,88.66
45,44,1.68
44,46,1.10
890,891,31.23
892,893,0.20
894,892,0.10
892,891,0.20
895,896,6.97
897,257,0.20
257,898,0.20
899,900,3.65
901,902,3.63
680,903,3.39
904,903,1.49
904,905,0.20
904,903,0.20
906,907,11.07
907,908,14.05
908,909,16.44
909,910,21.70
910,911,4.38
911,912,4.71
912,913,20.93
913,906,1.00
914,915,16.83
916,917,11.02
918,915,0.20
915,919,18.00
919,917,2.44
917,920,7.68
920,921,14.33
921,922,10.87
922,923,2.29
923,924,11.15
925,735,0.16
735,926,0.20
927,737,0.20
737,928,0.20
929,930,2.88
924,931,8.26
932,933,5.41
933,934,1.08
931,929,9.87
911,935,1.85
936,920,11.10
919,937,0.48
938,939,8.24
939,909,7.52
927,940,8.75
941,926,8.02
942,268,0.20
268,943,0.20
52,944,2.73
48,47,5.42
50,49,0.20
51,50,36.48
945,946,1.95
947,948,0.87
50,52,7.81
949,950,0.10
924,951,5.49
952,922,11.39
951,939,12.29
939,934,18.75
934,742,0.62
924,950,13.81
923,949,0.88
953,954,75.29
955,953,3.18
956,955,0.20
957,958,2.34
959,960,2.43
961,962,46.22
963,964,7.02
965,966,0.20
965,967,17.62
968,969,2.03
970,968,5.14
54,53,43.01
56,55,0.20
55,54,33.30
58,57,22.39
57,59,18.85
971,972,19.18
972,973,3.91
973,974,36.75
974,975,5.56
976,977,0.20
977,978,0.10
978,974,53.47
971,979,15.61
979,980,19.55
981,982,2.11
983,981,0.20
984,983,7.09
983,985,0.97
985,986,6.50
984,987,0.20
988,989,9.61
989,990,10.56
753,648,0.20
991,648,0.20
63,62,9.91
67,66,3.24
66,68,82.37
67,69,32.45
69,70,14.95
992,303,120.49
303,993,47.93
993,994,6.14
994,380,0.20
995,996,0.20
997,998,0.20
999,1000,80.98
205,1001,3.54
1001,303,48.15
303,1002,5.02
1002,423,35.63
423,421,48.83
74,73,20.71
1003,1004,2.11
1004,1003,33.65
1004,1005,0.20
76,75,3.16
1006,1007,56.28
1007,95,0.20
95,1008,0.20
78,77,0.48
1009,1010,0.86
1010,1011,16.86
1012,1013,70.50
1014,1015,0.20
1016,1017,0.20
1018,79,71.96
79,1019,42.21
80,79,7.33
82,81,17.22
753,1020,95.23
84,83,0.50
83,85,34.26
1021,1022,77.35
1023,1024,0.20
1024,1025,29.11
87,86,3.68
89,88,1.12
88,90,0.20
91,1026,16.24
1026,91,16.39
92,91,14.34
1027,185,0.20
185,1028,0.20
94,93,39.57
96,95,60.99
95,97,14.10
97,98,33.36
98,93,125.35
1029,1030,5.00
100,99,2.82
1031,1032,8.16
1032,283,0.20
283,1033,0.20
1033,1034,7.48
1035,1036,3.92
1037,1038,0.20
1038,1039,0.20
1040,1041,3.91
1042,1043,0.20
1043,1044,0.20
1045,1046,1.49
1047,1048,0.20
1048,1049,0.31
1050,1051,0.10
1051,1052,1.20
1053,1054,0.20
1055,1056,6.54
1057,1058,106.68
1058,1059,58.30
1059,1060,114.26
1061,991,253.26
991,1062,110.59
1063,1064,1.17
1063,1065,8.60
1066,1067,83.02
1068,1069,83.04
102,101,28.53
1070,1071,81.51
1072,1073,81.27
1074,1075,37.77
1075,1076,125.87
1077,905,97.70
905,679,24.22
1075,287,0.20
287,679,0.20
679,1078,33.79
1079,1080,83.05
1081,1082,10.91
1083,1084,2.87
1084,1081,3.23
1085,1086,19.70
1087,1088,1.17
1089,1090,0.20
1085,1091,13.05
1091,1092,5.04
1092,1085,4.81
1086,1093,0.20
1086,1094,0.80
1087,1095,11.33
1095,1096,9.58
1096,1097,4.18
1098,1099,1.61
1100,1101,0.20
1101,1090,0.20
1090,1086,34.85
1095,1092,10.45
1102,1097,1.77
1096,1103,0.20
1104,1101,25.39
562,1105,0.20
1106,1107,0.20
1107,1108,0.20
1109,1107,0.20
1107,1110,0.20
1111,1107,0.20
1107,1112,0.20
1113,1107,0.20
1107,1114,0.20
1115,263,0.20
263,1116,0.20
1117,263,0.20
263,1118,0.20
263,1115,0.20
1116,263,0.20
263,1117,0.20
1119,644,0.20
644,1120,0.20
1120,644,0.20
644,1121,0.20
1121,644,0.20
644,1122,0.20
1122,644,0.20
644,1119,0.20
1123,641,0.20
641,1124,0.20
1124,641,0.20
641,1125,0.20
1125,641,0.20
641,1126,0.20
1126,641,0.20
641,1123,0.20
1127,637,0.20
637,1128,0.20
1128,637,0.20
637,1129,0.20
1130,637,0.20
637,1127,0.20
1129,637,0.20
637,1130,0.20
1131,636,0.20
636,1132,0.20
1133,636,0.20
636,1134,0.20
1135,636,0.20
636,1136,0.20
1134,636,0.20
636,1137,0.20
1138,1139,0.20
1139,1140,0.20
1138,1139,0.20
1139,1141,0.20
1142,1139,0.20
1139,1140,0.20
1141,1139,0.20
1139,1142,0.20
1143,638,0.20
638,1144,0.20
1144,638,0.20
638,1145,0.20
1146,638,0.20
638,1143,0.20
1145,638,0.20
638,1146,0.20
1147,1148,0.20
1148,1149,0.20
1150,1148,0.20
1148,1151,0.20
1151,1148,0.20
1148,1147,0.20
1149,1148,0.20
1148,1150,0.20
1152,1153,0.20
1153,1154,0.20
1155,1153,0.20
1153,1156,0.20
1154,1153,0.20
1153,1155,0.20
1156,1153,0.20
1153,1152,0.20
1157,1158,0.20
1158,1159,0.20
1160,1158,0.20
1158,1161,0.20
1158,1157,0.20
1162,1158,0.20
1158,1159,0.20
1163,117,0.20
117,1164,0.20
117,1165,0.20
1165,117,0.20
117,1163,0.20
1164,117,0.20
1166,1167,0.20
1167,1068,0.20
1066,1167,0.20
1167,1168,0.20
1168,1167,0.20
1167,1166,0.20
1068,1167,0.20
1167,1066,0.20
1169,410,0.20
410,1170,0.20
1171,410,0.20
410,1169,0.20
1172,410,0.20
410,1171,0.20
1170,410,0.20
410,1172,0.20
1173,222,0.20
222,1174,0.20
1175,222,0.20
222,1176,0.20
1177,222,0.20
222,1178,0.20
222,1177,0.20
1179,1180,0.20
106,105,4.58
1181,1182,6.57
1182,1183,0.80
1184,1185,0.74
107,1186,0.20
1184,1187,13.62
1188,106,0.32
108,107,4.00
1187,1181,3.66
1189,1188,0.20
1188,1183,8.87
105,1186,3.65
1190,1191,81.83
1191,1192,0.20
1192,163,111.54
163,162,63.63
162,159,6.77
159,1193,0.18
96,109,40.57
109,110,0.20
110,111,81.99
98,112,611.33
112,113,18.11
113,114,181.50
114,115,16.60
1194,1195,620.42
1196,1197,620.26
794,795,34.70
795,1194,63.81
1197,798,64.28
798,797,34.37
797,1198,790.46
1199,1196,111.26
1195,1200,111.55
1200,1201,198.93
1202,1199,193.33
1203,1048,2.28
1204,1205,16.01
1205,1107,101.25
199,562,10.44
117,116,60.79
1097,1098,0.51
1098,1206,8.70
119,118,0.76
118,120,0.20
121,122,10.00
122,125,1.31
122,123,1.00
121,124,0.51
118,121,23.44
127,126,0.37
126,128,0.20
0,1207,3.08
1207,1208,0.26
1209,1210,0.26
1210,0,2.98
130,129,8.93
132,131,8.96
133,131,6.27
135,134,5.51
137,136,5.62
536,1211,10.22
139,138,34.91
141,140,33.45
2,142,2.90
142,143,23.32
1212,1213,37.18
224,1214,0.24
1214,1212,38.71
1215,1216,89.36
1213,1217,29.06
1217,1218,29.11
145,144,13.85
1219,1220,7.06
146,58,32.13
1221,1222,17.40
1222,1221,17.40
1223,1224,15.21
1225,1226,16.12
1227,1228,12.98
1229,1230,12.99
1231,1232,9.87
1233,1234,5.17
150,149,50.09
149,151,2.21
153,152,27.23
152,154,1.29
156,155,33.66
1235,158,29.84
158,157,34.30
160,159,1.77
159,161,0.20
162,164,1.78
165,163,0.18
163,162,66.32
1236,408,26.39
1237,1238,0.20
1238,1239,0.20
1240,1238,0.20
1238,1241,0.20
1239,1238,0.20
1238,1242,0.20
1243,1238,0.20
1238,1237,0.20
1239,489,97.39
1237,1244,123.79
1245,1246,81.16
489,1247,16.87
1248,192,2.76
192,1249,0.20
1249,340,26.22
340,1250,88.60
1251,1252,124.78
1253,418,260.81
1085,1254,5.82
721,1255,1.93
1256,1257,0.20
1257,1258,0.20
1258,1259,4.11
1260,1261,10.30
1261,1254,11.40
1254,1088,18.69
1088,1262,23.25
1261,1258,56.40
1258,721,68.56
1263,1264,21.28
1265,1266,0.20
1266,1267,0.20
1267,1268,89.02
1267,1268,88.25
1265,1269,21.88
1269,1270,30.67
1270,1271,44.35
1270,1272,0.16
1269,1273,0.10
1268,275,0.20
275,1274,133.47
1275,289,0.20
289,1276,0.20
1277,289,0.20
289,1278,0.20
1279,1280,37.19
1280,1281,11.41
1281,1276,0.20
1277,1281,0.20
1281,1282,83.37
1283,1280,0.20
1284,1285,3.04
1286,42,0.20
1287,1288,3.32
1289,1290,36.03
1291,102,0.20
1292,1293,1.55
1294,384,0.20
1295,290,0.20
1296,290,0.20
1297,111,0.20
1297,1298,0.20
1299,111,0.20
1300,167,483.79
167,1301,17.66
0,1302,0.20
1302,1303,15.03
1303,1,0.20
1,1304,0.20
1304,1305,125.70
1305,59,0.20
59,1306,0.20
1306,57,19.90
57,146,62.52
1301,4,0.20
146,1307,25.91
1307,70,0.20
70,1308,0.20
1308,70,0.20
70,1309,0.20
1309,70,0.20
70,1310,0.20
1310,67,57.80
67,261,61.20
261,1311,0.20
4,1312,0.20
1311,1313,122.36
1313,254,0.20
254,1314,0.20
1314,253,14.03
253,252,23.45
252,1315,61.08
1315,251,0.20
251,1316,0.20
1316,1317,50.27
1317,30,20.97
1312,1318,121.22
30,1319,41.88
1319,225,0.20
225,1320,0.20
1320,224,57.95
224,1285,55.82
1285,42,0.20
42,1321,0.20
1321,1322,392.05
1318,3,0.20
3,1323,0.20
1323,2,25.48
2,0,59.25
166,1324,51.53
4,1325,0.20
1325,1326,115.25
1324,1,0.20
1,1327,0.20
1327,1328,43.54
1328,1329,78.78
1329,3,0.20
3,1330,0.20
1330,1331,122.29
1331,4,0.20
166,1,50.48
1332,1333,73.46
1333,1334,28.39
1334,418,0.20
418,1335,0.20
1335,1336,48.32
1337,1338,8.28
1338,1339,2.23
1339,1340,0.55
1340,1341,0.20
1342,1343,0.84
1343,1344,5.95
1344,1345,0.20
1343,1346,0.10
1347,1344,0.20
1348,1337,13.21
1036,1340,0.20
1349,1340,0.20
1350,1340,0.20
1351,1337,0.19
1352,1338,0.68
1353,1339,0.20
1354,324,0.20
324,1355,0.20
1355,1356,0.20
1356,324,0.20
324,1357,0.20
1357,1358,1.21
1359,1360,23.71
1361,413,1.45
413,1362,0.20
1356,324,0.20
324,1363,0.20
1363,1364,83.18
1364,323,0.20
323,1365,0.20
1365,1366,80.58
1366,1367,0.20
1362,1368,85.26
1367,1369,0.20
1369,1370,80.66
1370,568,0.20
568,1371,0.20
1371,1372,81.23
1372,1373,0.46
1368,268,0.20
268,1374,0.20
1374,1375,84.15
1375,267,0.20
267,1376,0.20
1376,73,39.65
73,1356,25.64
1377,1378,0.64
1378,1379,81.18
323,1380,0.20
1380,1381,82.09
1381,324,0.20
324,1357,0.20
1357,1382,83.19
1382,267,0.20
267,1383,0.20
1383,1384,84.12
1384,268,0.20
268,1385,0.20
1379,568,0.20
1385,1386,84.21
1386,413,0.20
413,1361,1.48
568,1387,0.20
1387,1388,81.14
1388,1367,0.20
1367,1389,0.20
1389,1390,80.98
1390,323,0.20
1391,317,210.68
317,1392,74.21
1392,175,0.20
175,1393,0.20
1393,1394,125.30
1394,241,0.20
241,1395,0.20
1395,1396,99.60
1396,1298,22.66
1360,297,32.33
4,167,16.55
167,168,101.63
168,169,8.68
169,170,9.39
170,171,128.59
171,172,7.94
172,173,9.03
173,174,132.84
1397,398,0.20
398,1398,0.20
1398,398,0.20
398,1399,0.20
1399,398,0.20
398,1397,0.20
1400,1401,0.20
1401,190,118.56
190,634,82.44
1402,1403,0.20
1403,1404,8.77
1404,198,0.20
1405,1136,0.20
1136,1405,428.63
1133,1405,0.20
1406,1407,1.17
1408,1409,3.78
1410,1411,37.99
1412,96,1052.18
96,1413,83.99
1413,1414,0.98
1414,110,0.20
110,1415,0.20
1415,111,83.17
1416,1288,424.58
1288,42,0.20
1417,251,0.20
251,1418,0.20
1418,1419,114.16
1419,254,0.20
254,1420,0.20
1420,298,55.68
298,318,4.03
318,1421,43.83
1421,261,0.20
261,555,37.61
42,1422,0.20
555,67,14.18
67,69,32.45
69,1423,15.97
1423,70,0.20
70,1424,0.20
1424,70,0.20
70,1425,0.20
1425,70,0.20
70,1426,0.20
1426,1427,123.94
1422,224,55.80
1427,1428,0.20
224,1429,56.94
1429,225,0.20
225,1430,0.20
1430,1431,49.96
1431,250,26.39
250,1417,39.79
1360,297,32.27
1432,477,48.00
477,1433,13.22
1434,1435,5.17
1435,1436,1.51
1437,1438,5.39
1438,1439,2.44
1438,1440,2.47
1441,1442,7.04
1443,736,0.14
1441,1444,0.20
1024,1116,37.85
1021,1024,72.36
881,1445,2.46
1445,1446,113.07
1446,782,0.20
1446,1447,0.20
782,1448,0.20
1448,782,0.20
782,1449,0.20
1449,782,0.20
782,1450,0.20
1450,782,0.20
782,1447,0.20
884,1448,124.14
1446,1451,82.18
1451,879,124.39
889,1452,126.61
1450,1453,83.79
1452,1454,0.20
1454,470,13.41
470,1125,57.84
1126,530,19.95
530,1455,53.41
1455,1456,0.20
1451,784,0.20
784,1452,0.20
1454,784,0.20
1456,784,0.20
784,1453,0.20
1453,784,0.20
784,1451,0.20
784,1456,0.20
1455,525,56.59
1453,1457,55.88
1457,525,0.20
525,1458,0.20
525,1459,0.20
1125,1122,124.51
803,1460,0.79
1460,1461,69.24
1461,1462,0.16
1463,1344,0.20
1464,1465,0.20
1465,1466,0.32
176,175,82.36
178,177,73.98
782,1467,116.66
1467,883,0.11
782,783,23.33
714,698,82.73
1468,223,139.09
223,1469,0.94
1469,165,111.60
165,180,5.69
175,179,0.50
179,160,0.20
160,164,6.67
164,158,33.72
158,180,15.00
1367,433,55.78
433,1470,2.07
1470,514,24.62
514,257,17.82
1471,1472,113.88
1472,1473,0.20
792,1474,113.59
1474,190,0.20
190,1473,0.20
1475,190,0.20
190,1476,0.20
1477,190,0.20
190,1478,0.20
1474,1476,0.20
1472,1478,0.20
1475,1479,119.86
1477,1480,117.96
1481,1482,253.03
509,366,34.35
366,264,53.57
1139,638,124.98
182,181,24.52
54,1483,36.24
184,183,6.55
186,185,2.01
185,527,79.63
1484,1097,27.50
1485,660,89.25
1486,533,54.52
533,265,14.12
1487,1488,22.53
188,187,62.10
683,1489,23.37
1490,1491,27.04
1492,1490,2.71
1491,1493,13.72
1494,1012,12.99
602,1494,13.20
1495,1496,53.19
1496,1495,68.87
1497,399,41.91
399,1498,42.87
1499,608,22.30
608,1500,45.44
1251,671,0.20
671,1501,0.20
874,1278,84.48
1502,1278,52.89
1165,1503,123.70
1165,494,38.34
494,713,34.35
117,1504,120.35
117,1505,73.82
1256,1506,54.93
1506,1507,31.87
1507,1508,0.20
1508,1509,50.08
1509,1510,36.93
1510,1256,0.20
1511,1512,35.61
1512,1513,0.20
1511,1514,50.27
1514,1515,0.20
1515,1516,32.94
1516,1517,0.20
1513,1517,51.26
1518,1519,59.28
1519,1520,0.20
1521,1522,58.09
1522,1523,0.20
1523,1518,28.27
1291,1524,58.33
1524,1525,0.20
1525,1526,33.04
1526,1527,62.24
1527,1528,0.20
1290,1529,57.51
1529,1530,35.86
1530,1531,0.20
1532,1533,36.05
1533,1534,57.18
1534,1535,0.20
1535,1536,80.25
1537,1212,38.88
1531,1289,56.12
1212,1531,0.20
1532,1212,0.20
1212,1530,0.20
1533,1213,0.20
1213,1529,0.20
1516,1213,0.20
1213,1526,0.20
1513,681,0.20
681,1534,0.20
1508,1217,0.20
1217,1514,0.20
1515,1217,0.20
1217,1525,0.20
1524,1217,0.20
1217,1522,0.20
1523,1217,0.20
1217,1507,0.20
1509,1538,0.20
1538,1511,0.20
1506,1218,0.20
1218,1518,0.20
1539,1540,83.63
1540,1541,57.39
1542,1263,39.29
1263,1543,39.29
1543,1544,57.65
1545,1546,83.24
1541,1545,1.10
1544,1547,0.20
1548,1549,0.87
1548,788,0.20
788,1541,0.20
1239,1549,80.41
1237,1550,83.01
1551,1552,0.20
1552,104,43.63
104,485,13.08
485,529,18.32
529,1548,20.03
1540,1553,0.20
1553,1543,0.20
1554,1226,2.70
1224,1555,5.46
1556,1557,63.61
1558,1559,129.02
1559,1560,0.20
1561,1562,0.20
1562,1563,125.73
1563,98,0.20
1564,97,33.35
1008,1565,60.09
1565,1566,0.20
1567,1568,0.20
1568,1569,65.21
1569,1570,55.20
1570,1571,0.20
1572,1573,0.20
1573,1574,129.42
97,1575,17.41
1568,98,0.20
98,1563,0.20
98,1564,0.20
1564,98,0.20
98,1565,0.20
1567,98,0.20
98,1566,0.20
1573,93,0.20
93,1559,0.20
1560,93,0.20
93,1561,0.20
1562,93,0.20
93,1570,0.20
1572,93,0.20
93,1571,0.20
1576,1560,35.31
1561,1577,35.37
1578,255,32.47
255,1572,40.56
1571,1579,81.53
1580,1008,82.07
1581,1007,82.14
1582,1583,84.50
1584,1585,86.40
1586,1587,85.48
1587,1588,0.20
1589,1590,0.20
1590,1591,84.90
1592,1335,254.26
1593,1334,254.50
1594,1595,44.41
1596,1597,44.24
1057,1598,133.55
1598,1599,35.39
1599,1600,63.40
1601,1602,249.80
1274,1603,0.20
1603,1604,0.20
1604,1605,53.12
1604,1606,47.38
1606,1607,55.86
1274,1608,47.22
1608,1609,13.82
1608,328,0.20
328,1606,0.20
1610,1611,74.30
1612,1191,11.90
1192,1469,0.20
1469,1613,2.92
1614,1615,0.46
1615,1173,80.25
1173,1176,0.20
1613,1174,80.20
1174,222,0.20
1615,223,0.20
223,1613,0.20
1175,1178,0.20
1178,221,53.50
1177,1616,81.71
1616,1617,0.27
1618,1619,0.20
1619,1161,81.87
1161,1158,0.20
1162,1160,0.10
1160,1620,82.81
1620,1621,0.20
1622,1623,0.20
221,1622,17.89
1624,1625,1.32
1625,1626,38.58
1626,1627,0.20
1627,1628,33.88
1629,1630,33.25
1630,1631,0.20
1629,1632,82.08
1633,1628,81.67
1628,1634,0.20
1634,1629,0.20
1635,1636,0.20
1636,1637,18.35
1637,1638,54.76
1627,1639,82.86
1640,1641,33.35
1641,1642,0.20
1638,1634,0.20
1634,1640,0.20
1638,1643,81.19
1643,1644,48.75
1644,1645,25.15
1645,1646,0.20
1647,1648,0.20
1648,533,14.28
533,1649,99.24
1649,1650,0.20
1651,1486,0.20
1486,1643,0.20
1651,1640,80.80
1652,1653,0.20
1653,1642,80.45
1654,1655,9.01
1655,1656,35.40
1656,1657,115.22
1656,1658,0.20
1658,1659,0.20
1659,1660,34.13
1660,1650,0.20
1657,1661,35.42
1662,1663,0.20
1663,1659,114.91
1653,1650,0.20
1650,1660,0.20
1652,1650,0.20
1650,1649,0.20
1651,1652,33.84
1664,1665,0.20
1665,1666,124.17
1666,1667,34.93
1668,1669,123.11
1669,1670,36.10
1664,1671,33.04
1671,1672,0.28
1670,681,0.20
1667,1673,0.20
1673,1672,125.64
1666,1538,0.20
1538,1669,0.20
1674,1671,0.20
1675,1674,0.20
1674,17,0.20
17,1674,0.20
1674,1676,0.20
1676,1677,0.20
1677,1678,124.32
1678,1679,0.20
1258,1257,0.20
1257,1679,0.20
1678,1257,0.20
1257,1673,0.20
1667,1257,0.20
1257,1510,0.20
1679,1680,26.73
1680,1681,0.20
1680,1682,0.20
1682,1683,0.20
1683,1684,124.33
1684,1685,0.20
1686,1687,0.20
1687,1681,123.87
1683,719,36.58
1686,1676,29.95
1688,768,0.20
768,767,15.94
767,1685,0.20
17,773,27.10
773,770,10.99
770,1689,30.47
1689,1690,0.90
1672,1674,0.20
1674,1677,0.20
17,1691,48.82
1665,1692,0.20
1692,1668,0.20
1691,656,6.53
1661,1674,0.20
1661,1675,0.20
656,1693,0.20
1675,1654,116.35
1694,1695,0.20
1695,1693,40.74
1695,655,0.20
655,1654,0.20
1642,655,0.20
655,1655,0.20
1641,655,0.20
655,1630,0.20
1631,655,0.20
655,1694,0.20
1631,1696,81.41
1696,1697,0.20
1698,1694,81.39
1684,767,0.30
767,1687,0.20
1670,681,0.20
681,1512,0.20
681,1699,0.34
1699,1700,81.42
1700,1701,0.32
1699,681,0.20
681,1535,0.20
1702,1703,0.20
1703,1704,83.02
1704,1705,0.20
1706,1707,0.20
1707,1708,80.76
1708,1705,0.20
1704,1705,0.20
1705,1708,0.20
1705,1709,0.20
1705,1710,0.20
1711,1705,0.20
1705,1710,0.20
1710,1668,35.45
1662,1711,33.52
1711,1709,0.20
1663,1692,0.20
1692,1657,0.20
1650,1712,0.20
1650,1712,0.20
1713,1714,25.20
1715,1716,123.88
1716,1717,0.21
1718,1719,1.36
1719,560,16.61
560,1720,97.54
1719,651,0.20
651,1716,0.20
1721,6,30.74
6,77,6.07
77,1722,26.38
1722,1497,0.20
1015,1013,27.01
1013,1723,49.32
1723,1018,0.20
1722,1724,0.20
1724,1723,0.20
1497,1724,0.20
1724,1725,0.20
1018,1724,0.20
1724,1726,0.20
1725,1724,0.20
1724,1726,0.20
1725,1727,80.94
1727,1728,0.20
1726,1729,82.88
1729,1730,0.83
1730,181,14.21
181,1240,103.94
1240,1242,0.20
1242,1731,79.86
1731,1732,0.20
1019,1733,0.20
1733,603,38.67
603,1734,37.29
1019,788,0.20
788,1732,0.20
1733,788,0.20
788,1545,0.20
1731,788,0.20
788,1549,0.20
659,1735,17.82
1735,1736,0.20
1737,660,4.17
660,1728,11.18
1243,1241,0.20
1241,1495,17.20
1495,1738,101.84
1738,1739,0.85
1728,661,0.20
661,1735,0.20
1727,661,0.20
661,1729,0.20
1730,661,0.20
661,1738,0.20
1736,661,0.20
661,1739,0.20
1739,1740,39.72
1741,1110,36.06
1110,1113,0.20
1741,537,0.20
537,1740,0.20
1736,1109,83.35
1109,1106,1.45
1112,1114,1.47
1114,1742,60.69
1742,1743,59.03
1111,1108,0.86
1108,1118,116.00
1118,263,0.20
1117,1744,91.45
1744,1106,18.54
1113,1205,101.37
1205,1745,18.04
1745,1746,1.00
1746,1243,84.23
1112,1747,37.88
1747,453,0.20
453,1748,0.20
1747,1749,47.23
1748,1750,47.25
1748,1751,35.53
1751,1752,0.20
1111,1753,84.21
1753,1754,0.20
1753,1752,0.20
1752,1751,0.20
1752,1755,0.20
1754,1752,0.20
1752,1756,0.20
1757,1752,0.20
1752,1755,0.20
1756,1757,0.20
1757,1758,37.52
1758,1759,0.20
1755,1760,82.65
1479,1761,0.20
1761,1759,36.90
1762,1763,1.26
1763,1764,116.62
1764,35,0.20
1765,458,60.32
458,1754,44.93
1756,1766,116.33
1766,1767,0.31
1768,1769,0.79
1769,1770,116.77
1770,1771,0.20
1768,35,0.20
35,1767,0.20
1769,35,0.20
35,1764,0.20
35,1765,0.20
1765,35,0.20
35,1766,0.20
1772,1773,130.56
1773,1774,0.20
1775,28,79.86
28,1776,39.53
1776,1774,0.20
1776,1774,0.20
1774,1773,0.20
1777,86,62.32
86,88,0.60
88,1778,41.52
1778,684,0.20
1774,1777,0.20
1774,1779,0.20
1779,1780,125.64
1780,1781,0.70
1777,1774,0.20
1774,1779,0.20
1778,684,0.20
684,1780,0.20
684,1782,0.20
1781,684,0.20
684,1783,0.20
1782,684,0.20
684,1784,0.20
1782,1459,57.81
1783,1784,2.32
1784,1458,56.42
1785,1786,1.44
1786,1781,84.15
1787,1788,0.20
1788,1783,83.38
1786,1789,0.20
1789,1788,0.20
1785,1789,0.20
1789,1790,0.20
1787,1789,0.20
1789,1791,0.20
1792,1789,0.20
1789,1793,0.20
1787,1794,56.21
1794,1795,0.20
1795,1796,0.20
1796,1450,56.99
1793,1791,0.20
1791,1449,122.45
1794,1458,84.47
1457,1796,84.45
1797,1798,23.71
1798,446,14.22
446,84,48.41
84,1799,17.99
1799,1800,0.20
1801,83,100.73
83,1802,18.03
1802,1800,0.20
1802,1800,0.20
1800,1799,0.20
1800,1803,0.20
1800,1804,4.45
1803,1805,0.20
1805,1804,0.38
1803,1785,123.45
1804,1790,122.38
1790,1792,0.18
1792,487,35.47
487,1806,36.56
1806,1807,0.16
1793,506,34.03
506,1808,39.11
1808,1809,0.20
1806,248,0.20
248,1808,0.20
1810,1811,0.20
1811,1812,82.14
1812,1813,0.20
1810,248,0.20
248,1807,0.20
1814,1815,1.56
1815,1816,60.23
1816,1817,17.57
1817,245,0.20
1811,248,0.20
248,1815,0.20
1809,248,0.20
248,1814,0.20
1818,1819,0.20
1819,1464,81.18
1464,1820,0.59
1821,1466,0.20
1466,1822,81.22
1822,1823,0.20
1812,245,0.20
245,1817,0.20
245,1823,0.20
1813,245,0.20
245,1818,0.20
1819,1824,0.20
1824,1822,0.10
1814,757,76.85
757,1825,43.36
1825,781,0.20
1809,352,72.76
352,1826,41.49
1826,781,0.20
1825,781,0.20
781,1826,0.20
781,1827,0.20
1827,781,0.20
781,1828,0.20
781,1828,0.20
1829,1830,31.86
1830,63,0.20
1831,1832,130.33
1832,63,0.20
1832,63,0.20
63,1830,0.20
63,1833,1.84
63,1834,0.20
1834,63,0.20
63,1833,0.20
1833,1835,124.11
1835,1836,0.20
1834,1837,125.00
1837,1838,1.37
1837,213,0.20
213,1835,0.20
1836,213,0.20
213,1839,0.20
1838,213,0.20
213,1840,0.20
1841,213,0.20
213,1842,0.20
1839,1841,0.26
1841,388,70.79
388,1813,40.98
1818,540,46.10
540,1842,68.61
1842,1840,0.20
1821,350,32.75
350,1843,82.48
1843,671,0.20
1250,671,0.20
671,1251,0.20
1844,671,0.20
671,1843,0.20
1845,1844,29.82
1844,1501,0.34
671,1250,0.20
1846,1838,86.72
1840,1847,84.53
1848,1849,0.20
1849,1836,82.40
1839,1850,82.20
1850,229,0.20
1849,229,0.20
229,1850,0.20
229,1851,0.20
1848,229,0.20
229,1852,0.20
1852,229,0.20
229,1851,0.20
1853,1854,61.82
1855,1856,62.82
1857,1858,44.80
1858,1859,65.10
273,1860,42.15
1861,273,41.61
273,1862,20.14
1863,1864,47.55
1862,1863,3.22
1859,1865,0.20
1865,273,18.73
1866,499,20.06
499,1867,17.04
1867,1868,0.20
1868,1869,78.18
1870,1871,79.57
1872,1873,96.83
1871,1874,0.20
1874,1872,76.86
1871,271,0.20
271,1868,0.20
1859,271,0.20
271,1874,0.20
1865,271,0.20
271,1862,0.20
1867,271,0.20
271,1863,0.20
1875,55,31.67
55,1876,0.20
1876,890,30.45
1877,1878,0.20
1879,1880,0.20
1881,1882,0.20
1883,1884,0.20
1884,1885,0.20
1885,1886,1.68
1887,1040,6.52
1055,1888,6.73
1889,898,0.20
898,1890,0.20
1022,1891,3.24
1892,199,820.28
199,200,11.72
1893,1894,45.10
1894,1895,65.40
1895,1896,7.66
1896,1897,0.20
1897,1898,11.18
1898,1404,116.49
1404,1082,18.34
1082,1899,56.77
1899,1900,40.00
1900,1901,1.40
200,1902,0.20
1901,1903,0.20
1903,1904,24.88
1904,1033,136.46
1033,1905,1.87
1905,1906,52.52
1906,1907,0.20
1907,395,0.20
395,1908,6.52
1908,207,59.75
207,1909,0.20
1902,1910,35.97
1909,192,13.76
192,1911,0.20
1911,1912,2965.99
1910,1913,47.27
1912,1914,173.15
1913,1915,0.20
1915,1916,6.40
1916,1917,37.22
1917,1918,0.27
1918,1893,10.60
1919,1920,2869.35
1402,1921,3.24
1921,190,84.27
1922,1923,1.03
1924,1925,87.44
1926,1927,5.15
1927,1928,0.20
1928,1881,0.20
1881,1929,0.20
1930,880,3.41
880,1931,0.20
1932,1445,0.20
1445,1467,0.76
1038,1043,26.02
1041,1933,0.20
1933,1934,0.20
1935,1923,2.33
1923,1883,35.76
1350,1936,1.65
1352,1937,1.86
1929,1887,46.50
1887,1282,0.20
1282,1938,0.20
1934,1351,8.27
1933,1939,47.39
1883,1940,0.31
190,189,32.86
978,972,28.33
979,1941,60.47
1941,975,53.19
975,977,84.48
977,979,80.28
1942,1943,15.20
975,1944,45.37
1056,1945,1.61
1945,1049,0.39
1946,1947,0.20
1947,1948,2.86
194,1917,0.20
1917,1949,1.18
1950,1951,4.46
1951,194,0.20
1952,1953,0.75
1954,1893,1.12
1893,193,0.20
193,1955,0.20
1955,1956,0.20
1956,1957,0.20
1957,1946,0.20
1948,1950,0.20
1328,0,13.57
0,1302,0.20
1317,249,10.21
249,1431,6.12
192,191,39.44
194,193,0.20
193,195,24.27
197,196,0.25
196,198,108.45
1212,1958,56.12
1958,226,2.43
200,199,11.74
661,1959,93.09
1752,453,35.10
453,1107,40.01
251,1705,80.62
1752,1960,59.16
1960,1961,58.02
202,201,82.36
203,200,22.76
205,204,0.20
204,194,35.20
562,200,2.81
207,206,0.20
209,208,0.20
208,207,59.75
210,212,84.61
620,1962,3.14
1962,45,51.96
62,213,105.93
63,1963,89.03
215,214,32.63
214,197,0.20
198,216,10.11
216,217,23.07
217,218,13.18
1964,1965,100.41
1965,1966,41.54
1967,1968,40.21
1968,1967,73.97
1969,1206,31.87
1206,1091,12.14
217,1970,0.20
1970,1971,8.34
1971,1944,110.67
1944,1972,51.79
1972,802,0.20
1973,1974,11.33
1974,1975,6.00
1975,1185,5.77
1185,1976,5.01
802,1977,0.20
1977,1978,0.20
1979,1980,9.83
778,1981,0.20
1982,1983,0.20
1983,1984,15.82
1984,1985,48.60
1986,1987,14.13
1987,1493,20.80
1493,805,0.20
1988,1984,5.53
1984,1989,22.72
1989,1990,19.51
1991,848,39.70
848,827,0.20
857,811,12.14
827,822,4.82
822,747,6.98
747,819,8.03
819,826,4.77
826,1992,4.06
1992,1993,18.17
1993,856,0.20
856,857,5.23
1992,828,13.35
828,1994,30.50
1994,1995,0.20
220,219,86.05
4,221,17.21
221,222,53.23
222,223,77.41
1107,539,34.47
539,661,37.76
698,7,37.38
7,48,0.63
48,51,7.62
51,644,5.78
1107,1744,17.00
1744,263,91.48
1996,668,38.29
42,224,55.80
224,225,56.91
42,226,37.48
398,1997,24.44
1997,417,8.19
398,341,48.05
341,192,25.40
788,79,42.36
79,524,49.49
524,1724,13.05
227,1213,58.69
1213,681,50.88
227,102,34.05
703,709,125.97
709,714,125.18
714,404,43.49
404,1367,70.25
1998,1999,106.41
1999,691,19.66
691,703,124.67
229,228,14.95
228,230,50.76
230,231,47.77
231,232,129.53
232,233,146.76
684,1789,80.62
1789,487,33.92
487,248,35.09
1148,691,79.52
691,1158,80.69
883,645,84.74
1789,1795,57.72
1795,782,58.81
883,432,17.09
432,288,17.27
667,632,38.49
201,104,43.32
104,1553,5.01
1553,485,2.15
485,529,17.79
529,788,18.11
201,234,12.52
234,42,63.36
101,235,37.43
235,220,30.99
310,2000,47.24
2000,2001,1.83
2001,197,0.20
492,2002,12.24
2002,557,32.37
290,492,58.13
768,336,40.88
102,1217,55.66
1692,1658,110.80
1217,1538,47.70
1538,1692,117.89
2003,188,40.33
188,768,114.94
188,1682,36.64
1257,1218,51.59
1218,652,8.31
3,134,12.92
134,136,2.07
136,1153,48.23
1,236,38.24
236,237,36.83
237,238,36.80
238,239,40.93
239,240,85.37
240,241,0.20
1153,703,82.00
59,2004,0.22
2004,549,15.83
549,117,50.86
117,496,38.33
496,714,34.46
1167,1,83.02
645,781,123.95
243,242,123.07
245,244,32.92
244,246,86.79
213,229,82.27
248,245,82.08
248,247,31.19
247,229,81.38
33,673,38.10
1367,568,81.10
257,2005,20.47
2005,512,23.36
512,2006,3.44
2006,390,43.59
390,2007,61.22
225,30,40.83
30,249,7.88
249,250,17.28
250,251,38.78
251,252,60.08
252,253,23.45
253,254,14.02
225,788,81.30
93,255,40.41
255,407,32.05
257,256,21.61
256,258,51.50
258,259,23.34
259,260,18.34
260,261,17.18
804,630,29.11
263,1023,35.42
386,323,122.86
263,262,30.77
35,458,60.45
458,1752,44.96
2008,2009,13.52
2009,1983,25.38
1983,1989,20.32
1989,1979,39.51
1979,1973,26.95
2010,2011,0.20
2011,1990,11.38
1990,2012,31.94
2012,2013,34.77
2014,257,52.76
265,264,80.44
264,266,69.21
545,2015,9.75
268,267,83.08
309,2016,56.83
635,2016,81.49
651,428,20.18
428,254,57.92
386,2017,37.21
59,269,20.51
269,60,25.42
60,92,15.48
92,139,33.88
139,535,12.21
535,2018,19.59
2018,517,36.48
517,111,39.07
475,1435,4.49
1435,384,52.84
384,176,125.69
297,440,90.76
440,110,27.99
110,455,17.68
455,475,32.93
1396,65,1.09
65,1434,73.40
297,287,40.73
270,63,131.52
289,288,84.34
417,2019,22.14
2019,289,52.13
2020,2021,11.49
2021,618,2.61
272,500,16.75
272,271,75.50
271,273,18.89
273,274,39.84
285,1941,38.22
276,1266,37.64
1266,391,2.98
32,1603,1.01
1603,328,47.35
276,275,50.53
275,277,5.89
279,278,45.34
651,560,14.15
560,258,97.78
258,2022,50.54
2022,568,67.50
2023,1912,257.57
1912,2024,1263.27
2025,2026,24.78
2026,2027,3.99
2027,2028,67.72
2028,2029,0.20
2029,387,0.20
387,2030,5.18
2030,1032,69.06
1032,2031,62.43
2031,2032,46.40
2032,2033,7.30
2033,619,0.20
619,2034,9.33
2034,1970,76.04
1970,2035,26.15
2035,2036,38.81
2036,2037,74.62
2037,2038,2.41
2038,2001,0.20
2001,2039,2.51
2039,2040,53.00
2040,1955,56.50
1955,2041,0.20
2041,194,0.20
194,2042,35.33
2042,205,0.20
2024,2043,23.44
205,994,0.20
994,2044,0.20
2044,2045,106.50
2045,2046,858.34
2043,2025,1669.45
1201,2047,422.33
2048,1202,422.98
2049,990,38.74
990,2050,0.20
2051,2052,45.25
2005,2053,22.64
617,2054,2.54
2054,2055,11.46
2056,2057,2.86
2057,2058,11.66
2059,2060,11.91
2060,2061,1.07
2062,2063,3412.09
271,499,16.77
499,40,17.49
1882,2064,1.68
1035,1939,0.20
1939,2064,0.20
283,282,67.91
282,209,0.20
413,289,50.59
1941,973,0.26
762,743,4.04
743,2065,0.20
2065,2066,54.23
2066,2067,38.76
2067,761,16.27
758,2068,15.96
759,2069,13.31
2065,2067,20.74
1189,108,0.23
1986,2070,2.21
2070,2071,2.48
2071,2072,0.20
2072,2073,0.20
2073,2074,47.95
2074,2075,4.82
2071,2076,9.75
2076,2077,10.69
285,284,36.47
2078,2079,0.20
2079,801,1.90
287,286,46.06
787,463,3.60
463,1139,22.54
1139,709,80.14
709,461,26.31
461,131,6.28
131,129,7.66
129,1167,2.07
2080,2081,63.76
2081,778,71.43
674,648,60.28
648,2082,85.35
1724,1485,13.45
1485,400,22.23
400,279,40.14
266,290,3.86
292,291,26.05
291,265,2.32
2017,804,37.25
290,178,80.99
661,2083,47.83
1724,77,26.48
77,6,6.05
6,251,30.88
192,342,25.96
342,671,88.64
93,293,273.58
293,294,4.47
294,295,6.82
295,296,138.58
2084,2085,3.51
2086,1774,19.63
1774,28,39.70
28,2087,53.88
267,74,8.90
2088,648,44.13
2081,1964,13.83
1964,2089,98.99
2089,1966,50.28
1966,2088,16.03
1692,1674,33.99
1959,1495,0.20
1495,1238,16.61
1158,4,81.47
2083,1724,25.07
254,298,55.69
298,299,4.05
299,261,43.83
261,300,27.69
323,1367,80.97
323,2090,86.96
229,1800,81.00
1800,1774,81.03
1774,2091,41.66
2090,698,29.24
785,786,3.63
771,768,9.77
768,1487,80.78
1682,1257,26.70
301,292,269.16
303,302,48.01
302,205,3.45
324,2056,28.02
2092,324,9.67
2093,1045,12.09
1045,1400,0.24
1400,2094,0.20
2094,1758,42.21
207,192,6.98
631,635,33.86
2061,804,42.84
2095,2061,7.05
1650,1486,33.83
1650,1658,37.24
1658,658,0.98
410,448,54.33
448,2096,27.93
2096,222,23.40
222,2097,128.27
2097,2098,8.18
2098,2099,8.81
2099,2100,283.87
326,92,125.13
2100,2101,134.27
92,2102,67.11
2102,2103,20.30
2103,237,23.44
237,410,118.44
2104,2105,17.23
2105,2106,12.45
2106,290,39.68
2107,2108,58.14
2108,2109,89.36
2109,2110,64.01
2108,2111,15.46
2111,2112,4.26
2112,479,26.99
479,1487,50.38
654,2104,36.06
654,2108,81.31
336,2113,9.87
2113,2114,8.70
2114,654,26.26
2115,775,24.15
775,26,9.34
26,23,1.27
23,1691,39.63
1538,681,34.47
1705,1650,114.80
1705,1692,34.58
681,99,42.73
99,2116,27.47
2116,1705,38.27
682,225,43.40
304,35,35.21
226,227,39.03
642,944,41.52
944,643,10.08
525,1795,84.46
684,90,41.61
90,86,0.68
86,2086,34.66
180,1235,3.67
1235,239,122.19
239,2117,31.36
2117,2118,14.66
2118,2018,71.17
2018,476,60.96
476,2119,29.44
2119,2120,0.20
2120,558,17.39
264,1626,37.44
1626,1634,34.23
1634,655,33.48
2121,2122,0.88
2122,1180,1.51
1180,2123,23.73
306,305,1.98
305,307,0.20
309,308,1.95
328,327,41.99
2124,1872,0.20
1872,2125,26.41
2126,271,40.52
310,285,57.14
285,311,6.83
311,312,12.50
303,313,58.75
2127,2128,2.26
2129,2130,5.30
2130,2131,0.32
2132,2133,4.19
982,2130,0.20
2130,2134,2.45
2134,989,0.20
985,2135,0.20
2131,984,8.08
2133,2136,2.76
2128,2129,4.67
2137,2138,37.74
2138,2139,20.42
2139,1179,0.20
1179,2140,15.81
8,7,43.24
276,314,4.11
2141,2142,22.53
316,315,23.25
315,317,0.64
2143,2144,48.18
2144,2145,48.72
2145,2146,48.15
2146,2143,47.97
2147,2144,0.22
2144,2148,7.74
2149,2146,7.44
2146,2150,6.20
2151,2143,0.56
2143,2152,22.95
2153,2154,7.26
2154,2155,0.25
2155,2145,5.45
2145,2156,0.20
2154,2155,20.70
2155,2154,22.54
299,318,0.20
318,319,3.65
319,320,10.61
435,319,4.07
322,321,14.99
2117,2157,88.01
568,420,83.71
10,1153,38.72
420,117,27.08
117,551,13.18
551,1167,99.77
1167,10,74.26
2158,2159,7.62
2159,2125,49.91
2125,2160,72.04
2160,1946,5.79
1954,2161,2.78
2161,1945,1.49
1888,2162,3.23
1050,2163,0.20
2163,2164,0.20
2164,1952,9.84
1047,2165,1.01
2165,2164,10.90
2165,2166,20.44
2166,2167,4.98
2167,2168,17.47
2168,2169,81.41
2169,2170,11.49
2171,562,0.20
562,2172,0.20
562,2172,0.20
2173,1902,6.68
1902,200,0.20
200,2045,0.20
2045,2174,6.45
1951,2175,52.04
2176,2177,12.66
2177,2178,62.19
2178,2174,21.78
2174,2179,143.67
2175,1001,0.54
1001,302,0.20
302,2180,0.20
2180,993,0.20
993,2176,0.20
2175,2042,5.93
2042,204,0.20
204,1916,0.20
1916,2167,6.56
2176,2044,6.20
2044,381,0.20
381,1913,0.20
1913,2181,0.20
2181,2182,0.20
2182,2168,2.20
2183,2184,20.77
324,323,81.08
2160,2185,0.20
2185,2186,18.23
2187,2188,8.24
2189,2190,15.78
2191,2178,0.20
2191,2192,16.05
2193,2194,17.06
2195,2196,17.01
2195,2169,0.20
2197,2198,6.47
2007,659,25.37
2199,202,5.87
657,1674,34.66
220,2003,78.10
1238,1204,82.71
189,304,0.57
326,325,38.59
325,558,37.20
558,325,34.49
557,559,18.14
559,557,18.91
2200,309,19.80
268,2200,30.71
2201,2202,0.20
2202,617,47.65
32,329,51.46
329,330,9.23
330,331,48.65
188,332,55.19
332,333,2.71
333,334,19.17
1952,2166,0.20
2203,1876,81.20
2204,2205,2.95
2205,557,0.20
557,1359,0.32
245,1824,0.20
1824,1465,81.11
781,353,41.07
353,248,72.98
2206,1927,0.20
1349,2206,13.42
2207,2208,0.20
2208,1906,0.20
1906,282,0.20
282,2030,0.20
2030,2209,8.19
1908,208,0.20
208,2028,0.20
2028,2210,0.20
2210,2211,0.20
2211,2212,3.50
2213,396,0.26
396,2214,0.20
2215,2216,3.93
2177,2189,0.20
2170,2173,3.61
2173,562,6.71
2217,2024,212.49
2024,2043,23.43
2043,2218,3233.43
230,2219,14.43
336,335,37.32
338,337,36.34
255,339,25.99
340,342,1.52
341,340,71.00
344,343,41.80
346,345,33.25
348,347,6.34
351,350,0.26
350,349,36.50
353,352,0.34
352,354,31.54
247,355,36.50
357,356,12.78
359,358,40.44
363,362,14.42
361,360,14.60
364,366,1.31
365,364,21.81
61,60,78.10
311,367,14.94
97,368,101.96
2220,1460,40.54
1460,1972,34.13
1972,976,83.46
2221,648,0.20
648,753,0.20
1964,2222,99.03
2223,2224,0.20
2225,2081,0.20
2081,2226,0.20
2224,2081,0.20
2081,749,0.20
748,2081,0.20
2081,2225,0.20
2227,2228,5.29
2229,2221,7.42
2230,2227,8.38
2227,2229,5.24
2229,2231,5.57
2232,2230,6.38
2230,2228,18.01
2228,2231,5.44
2231,1492,0.20
1492,2233,1.43
1605,33,0.20
33,2220,0.20
1605,33,0.20
33,1060,0.20
1060,33,0.20
33,2234,0.20
2220,33,0.20
33,2234,0.20
2235,2236,0.10
2221,2233,15.50
2233,2237,62.60
2237,967,0.20
967,2238,29.94
2238,2239,47.96
2240,2241,9.35
2242,2243,7.95
2244,2245,7.11
2245,625,10.43
625,624,0.20
624,2246,13.61
2247,2248,7.57
2249,2250,8.50
2073,2240,4.45
2240,2242,2.97
2242,2244,5.19
2244,2247,3.82
2247,2249,3.12
2249,2074,6.60
2072,2251,14.46
969,2252,0.20
966,2251,0.20
2251,2241,8.61
2241,2243,4.15
2243,2245,5.73
2245,2248,4.65
2248,2250,4.45
2250,2253,14.52
2253,969,13.44
1987,966,14.22
2013,2254,7.24
2254,960,1.83
960,970,25.35
970,2255,0.20
2255,2239,12.60
2255,963,1.25
2256,2257,4.80
2258,2256,6.96
2257,2259,7.70
2260,2254,0.46
2261,2260,2.05
2262,2258,1.69
2258,2261,0.20
2263,1982,5.81
2012,2263,0.13
2264,2262,7.05
2265,2262,78.21
2266,1985,5.92
1985,2009,1.11
2009,2264,11.13
2267,2236,10.84
2070,2268,11.32
2268,2267,0.20
2267,2076,0.10
1189,1186,60.07
1186,1986,8.07
1978,1973,19.00
1975,2269,2.74
1974,605,1.66
2265,2075,4.48
2075,2259,0.45
2259,2253,11.83
2253,964,0.85
1978,1980,26.70
1980,2011,56.46
2011,2270,71.38
331,1058,3.64
1058,2271,0.20
2272,1059,0.20
1059,329,3.55
1599,2273,0.20
2274,1598,0.20
2275,376,25.29
375,374,9.37
377,2276,77.48
374,2277,78.23
379,370,99.10
370,369,8.72
369,371,13.95
371,372,93.67
373,372,22.79
372,378,0.62
369,378,98.44
374,376,2.21
376,377,0.33
378,379,9.00
372,377,28.91
375,379,28.95
2278,2279,97.42
2280,186,35.82
186,220,35.85
2281,596,7.08
596,592,3.91
592,598,5.26
598,590,4.17
590,599,0.20
599,586,19.76
586,1498,15.60
1498,1500,0.20
1500,2282,0.20
2283,2284,2.85
2284,741,1.54
741,2285,0.20
2285,918,0.20
918,2286,4.90
2286,2283,2.68
2287,2288,9.09
2288,2289,0.10
2289,2287,43.36
906,2286,7.04
2290,921,0.35
2291,2292,0.20
741,918,0.20
937,2293,7.29
2294,2295,0.20
935,2290,6.22
2296,2297,0.20
2298,2299,1.67
937,2300,11.72
2293,2298,2.74
2301,932,5.71
928,2302,0.83
933,2303,10.76
2304,925,0.20
2305,938,8.70
2286,2284,0.20
2297,2306,0.20
910,908,11.02
908,2291,0.40
2295,2307,0.20
2307,739,0.84
912,907,11.01
907,2296,0.20
2302,2308,0.20
2308,2306,0.20
2307,2309,0.20
2309,2310,6.29
915,913,8.59
2284,740,0.20
740,2307,1.08
2304,2311,0.20
2311,2312,0.20
2312,2292,0.20
2313,2311,2.51
2311,2308,3.29
2284,2283,2.85
2283,2314,14.76
2314,2297,0.20
2297,2315,0.20
2315,2316,9.31
2316,2292,0.20
2292,2317,0.20
2317,2313,0.20
2308,738,34.43
738,2295,4.56
2295,2309,0.20
2309,2318,8.28
2318,2285,3.85
2285,741,0.20
741,2284,0.31
740,2306,24.59
2306,2312,7.78
2314,2296,3.85
2296,2315,0.40
2315,2297,0.20
2297,2314,0.20
2319,2317,0.20
2317,2313,0.20
2313,2320,0.11
2320,2319,4.36
2307,2318,2.06
2318,915,9.96
2316,2291,0.78
2291,2289,0.20
2289,2288,0.20
2288,2319,0.20
2319,2317,0.20
2317,2292,0.20
2292,2316,0.20
2287,2320,0.52
2320,2319,4.36
2319,2288,0.20
2288,2287,9.72
2093,2321,14.88
2321,1896,9.96
1896,197,0.20
212,283,48.89
205,380,0.20
380,381,0.20
381,203,80.82
206,192,12.72
206,2027,2.82
2027,2211,68.24
2211,2029,0.19
2029,209,0.20
283,1905,1.73
1905,2207,53.22
2207,1907,0.20
1907,209,0.20
212,2031,10.97
2031,2322,46.71
2322,2033,7.48
2033,211,0.20
218,382,54.12
382,211,9.85
218,1899,1.78
1899,2323,44.09
2323,1901,0.17
1901,211,0.20
198,2036,9.26
2036,2324,69.05
2324,2038,3.59
2038,197,0.20
195,215,72.84
195,1894,15.54
1894,2093,39.38
215,2040,13.13
2040,1957,53.19
1957,2041,0.20
2041,194,0.20
203,1910,10.79
1910,2182,47.64
2182,1915,0.20
1915,205,0.20
241,65,76.52
65,111,26.70
241,383,0.23
383,384,80.96
384,385,1.48
385,98,80.29
2325,2326,91.11
2326,201,84.84
2327,2328,0.39
2328,2329,0.20
306,413,44.77
1980,2330,0.20
2331,2120,37.32
466,2331,14.03
366,361,34.66
361,363,9.72
363,68,18.25
2056,2095,8.10
324,2056,0.20
2332,2305,33.26
2305,930,33.09
930,2202,2.41
2332,2301,4.36
1354,2057,37.92
2057,940,1.26
940,1444,1.97
1444,941,2.79
941,2060,2.15
2060,2303,27.82
2303,2332,9.23
1279,1361,0.20
1361,1925,0.20
1502,1386,0.10
1386,413,0.20
413,1362,0.20
1362,2333,0.11
875,1385,0.21
1385,268,0.20
268,1368,0.20
1368,942,0.23
878,1384,0.34
1384,268,0.20
268,1374,0.20
1374,943,0.13
885,1383,0.14
1383,267,0.20
267,1375,0.20
1375,2334,0.34
930,791,26.46
791,952,6.62
952,2054,3.01
2054,1440,0.16
1440,1439,0.20
1439,2021,0.20
2021,936,6.18
936,916,7.46
916,2299,18.20
2299,2300,6.69
2300,914,21.93
914,2310,25.28
2310,1354,5.65
886,1382,0.12
1382,267,0.20
267,1376,0.20
1376,2299,5.53
1354,2294,11.21
1355,2335,0.21
1190,315,41.29
315,2142,32.92
2142,1193,36.31
2336,2157,28.33
2157,1297,91.93
2337,2338,22.68
2338,2339,25.03
2339,2340,64.23
1105,1245,83.92
70,146,24.91
1367,323,84.96
568,1367,85.13
70,568,83.13
326,127,54.38
127,70,20.82
70,326,85.00
568,70,85.62
1367,502,56.92
502,568,14.71
323,497,52.93
497,1367,20.65
1034,1924,0.20
1924,1926,15.02
1926,2216,30.05
2216,2341,8.55
2341,2342,2.66
2342,2214,0.20
2343,2344,146.78
1252,2343,0.20
2343,1911,8.15
1911,192,0.20
192,2025,0.20
2025,2345,9.20
2346,192,0.20
192,1252,0.20
2347,207,1.67
207,2346,0.20
2346,1909,2.75
1909,206,0.20
206,2026,0.20
2026,2348,7.90
1249,192,0.20
192,1252,0.20
2213,2349,0.20
2349,2350,0.85
2350,1886,25.34
1886,2347,46.07
2347,1248,0.20
1336,2212,0.20
2212,2351,16.94
2351,2348,67.36
2348,2345,32.46
2345,2352,115.01
1271,72,0.20
72,1336,2.26
2353,2354,30.05
2354,2355,10.70
2355,996,35.63
996,571,32.13
571,1031,42.90
1031,2356,10.70
2356,998,16.47
998,2209,30.82
2209,1271,1.54
1962,2353,1.88
1052,1961,1.09
1961,1945,10.77
2321,2357,0.20
2357,1895,0.20
1895,214,0.20
214,2039,0.20
2039,2358,2.02
1761,2094,0.20
2094,2359,0.20
1480,1401,0.20
1401,1479,0.69
2360,2000,0.26
2000,2158,0.20
2324,2361,0.20
2361,2037,0.20
2037,196,0.20
196,1898,0.20
1898,2362,1.00
2363,1904,8.03
1904,210,0.20
210,2032,0.20
2032,2364,0.20
2364,2322,0.20
2322,2354,2.95
2365,2363,0.20
2363,2366,4.59
2366,2367,0.33
2367,1034,122.34
2368,2369,2.86
2369,2365,8.31
2034,382,0.20
382,1900,0.20
1900,2370,0.20
2370,2323,0.20
2323,2371,4.62
1921,1083,1.48
1082,216,0.20
216,2035,0.20
2035,2372,8.62
1081,2373,87.37
2373,2371,37.79
2371,2368,8.56
2374,1403,0.20
1403,1081,4.02
2375,2361,38.82
1713,2357,0.16
2376,1714,7.93
2208,2377,0.20
2378,2210,1.27
2379,2181,1.93
2380,1956,1.54
2370,2381,4.08
2382,2364,1.33
2383,324,0.20
324,2384,0.20
2384,324,0.20
324,1354,1.47
943,2334,83.09
885,267,0.20
267,886,0.20
878,885,83.06
2333,942,83.18
1502,875,83.26
875,268,0.20
268,878,0.20
2334,267,0.20
267,2299,0.20
1279,413,1.54
413,1502,0.20
1925,413,1.38
413,2333,0.20
2385,2384,3.04
562,1204,122.16
2386,1361,74.82
2387,386,3.51
386,1021,2.02
2388,386,0.20
386,2387,0.20
2389,386,0.20
386,2388,0.20
2390,386,0.20
386,2389,0.20
2387,386,0.20
386,2390,5.86
1238,1996,19.25
809,2391,2.27
2392,2393,0.13
2393,2394,12.13
810,2395,9.31
2395,2396,21.97
2391,2397,0.17
2398,2399,6.20
671,346,29.92
346,672,0.20
671,348,28.88
348,351,44.27
2400,213,88.48
209,387,0.20
387,72,8.11
72,71,32.33
2401,2402,5.14
2403,1556,6.30
2404,2405,2.54
2406,2407,12.72
2408,2409,12.72
2410,2411,12.72
2412,2413,12.72
2414,2415,12.72
2416,2417,12.72
2418,2419,12.72
2420,2421,12.71
2422,2423,43.20
522,2424,7.52
2424,1215,16.73
1215,338,20.41
338,178,18.72
178,2107,56.77
2425,474,53.87
294,2426,79.38
474,1436,8.94
1436,2427,48.54
2427,384,0.20
384,1293,0.20
1293,2428,125.69
2428,176,0.20
176,2429,0.20
2429,294,368.53
297,2430,0.20
2430,297,0.20
297,2431,0.20
2431,2432,122.94
297,2430,0.83
2430,2433,0.10
2433,297,0.20
297,2432,125.88
2434,2081,59.60
1204,1051,84.10
789,1238,4.91
2066,1816,0.59
2068,2435,1.50
2435,760,1.73
1637,1557,87.79
1557,1644,0.20
213,388,68.53
388,245,38.33
2152,2148,5.16
2148,2153,5.90
2153,2149,5.75
2149,2152,5.16
1798,2436,55.19
262,389,41.40
262,390,37.29
38,263,14.51
1023,386,43.07
392,391,10.93
391,393,52.05
393,394,12.54
663,662,29.75
662,2437,10.79
2437,2438,0.39
2438,2439,0.46
2437,663,12.58
265,563,30.30
563,68,18.12
68,520,30.86
520,326,15.94
500,39,23.74
202,2440,44.39
2441,2442,85.57
1245,202,0.20
202,2441,0.20
1244,202,0.20
202,1245,0.20
1247,202,0.20
202,1244,0.20
2441,202,0.20
202,1247,0.20
1855,2443,114.60
2444,1854,33.58
2175,303,48.26
1854,423,0.20
423,1855,0.20
2445,895,49.60
895,2446,54.39
2447,2176,47.04
2446,303,0.20
303,2447,0.20
303,2444,4.22
2444,1002,0.20
2448,2180,3.40
209,395,0.20
395,396,6.38
396,397,5.09
246,344,55.13
344,398,62.35
400,399,2.21
399,401,0.20
37,402,5.86
585,582,0.73
587,614,2.70
600,595,0.20
583,580,0.28
404,403,0.76
403,405,0.20
406,388,36.06
631,2449,0.20
631,304,119.08
792,2449,36.63
1771,631,36.85
2450,2451,1.25
2451,2383,125.07
73,324,23.91
1358,886,83.44
2452,1381,1.89
1381,324,0.20
324,1363,0.20
1363,2383,1.08
1358,324,0.20
324,2452,0.20
2334,2453,124.69
2453,635,0.81
2332,804,0.20
804,2451,0.20
1771,804,0.20
804,2332,0.20
1763,804,0.20
804,1770,0.20
2450,804,0.20
804,1762,0.20
2202,2453,0.20
635,792,0.20
635,1471,0.20
635,2201,0.20
635,2454,0.20
2454,2455,0.20
2455,930,0.20
2456,2454,0.73
630,2455,43.37
2455,2201,0.20
2457,2006,2.79
1961,1203,0.20
1048,1918,3.95
1918,194,0.20
1051,1203,0.20
407,176,0.52
180,408,30.74
408,409,5.14
409,410,34.54
410,141,36.42
141,3,32.36
176,2458,135.48
1758,1752,36.52
2459,2460,92.80
2460,2461,16.73
2461,317,43.34
317,175,74.21
175,156,35.95
156,241,85.35
331,277,16.34
2462,673,2.47
673,2463,1.04
1600,2462,0.20
2462,1060,39.50
1482,1601,104.20
1601,2464,0.20
2464,1600,0.20
1611,2353,107.02
1607,2465,0.20
2465,1611,0.20
1605,1607,45.74
2220,1461,36.25
1461,44,53.32
44,1596,0.20
1594,2466,49.43
1596,281,0.20
281,1594,0.20
1482,648,0.20
648,2221,0.20
648,1482,0.20
648,991,0.20
1978,2234,80.91
1981,954,37.79
954,2013,26.13
2270,956,47.79
956,1981,35.90
1981,2225,71.38
2225,2239,69.18
2237,2235,7.14
2235,2077,0.28
2234,2463,42.73
2463,2232,85.96
2232,2221,24.22
2171,1105,0.20
1105,2467,95.64
2468,562,0.32
2165,1949,0.80
1760,1045,1.53
2161,1760,137.83
1760,2359,0.20
1046,1053,2.76
1046,2321,0.72
2469,1480,11.29
2470,2362,2.98
2471,1921,12.72
2374,2471,10.72
2471,2470,109.82
2470,2469,9.80
2469,1054,0.20
2159,2358,3.81
2472,2324,2.86
2473,2034,8.68
2360,2472,4.48
2472,2372,137.72
2372,1971,22.08
1971,2474,44.06
2474,2473,23.53
2473,2466,3.34
2466,1962,0.99
2226,2081,0.20
2081,2223,0.20
2475,39,0.20
39,2476,0.20
2477,39,0.20
39,2475,0.20
2443,39,0.20
39,2477,0.20
2476,39,0.20
39,2443,0.20
2446,2478,169.71
2479,2447,169.59
2480,2481,9.30
1953,2482,12.36
1433,2483,3.52
2483,2204,27.22
1433,465,14.33
465,2484,10.10
2485,2486,15.87
2487,2488,15.89
2489,2490,16.79
2491,2492,16.79
2493,2494,27.42
2495,2496,27.42
2497,2498,27.41
2499,2500,27.40
2501,2502,27.47
2503,2504,27.47
1342,1348,0.39
1342,1346,5.76
1346,1347,14.69
1347,1345,0.20
1345,1463,0.20
1463,1342,26.40
1361,2505,75.33
1929,2051,17.79
2051,1279,60.18
2350,1908,6.67
2341,2207,2.33
1282,2342,49.47
1248,1399,82.78
1399,1935,41.31
1935,2349,46.05
2506,2507,22.27
2507,1275,54.68
1275,1398,141.84
1398,2508,25.03
2508,2509,10.63
2509,2506,5.55
2506,417,0.10
417,1938,0.10
1935,417,0.22
417,2509,0.20
2510,1884,0.20
2511,1463,11.76
1885,2511,0.74
1345,2510,10.43
397,417,29.49
1928,2512,0.20
2512,1341,12.45
1044,1347,3.92
1940,1042,2.42
1922,1039,1.55
1037,1346,4.60
2513,2215,3.39
1353,2215,0.20
2514,2515,19.89
2516,2517,16.21
2518,2519,11.62
2520,2521,15.33
2522,2523,14.05
2524,2525,15.96
2526,2527,5.98
2528,2529,0.58
2530,2529,0.20
2529,2531,78.70
2528,2532,8.30
2533,2368,3.14
2530,2534,0.20
2534,2533,0.20
2365,2328,4.38
2328,2530,3.81
211,210,23.28
2329,306,64.58
2522,1555,1.21
1555,2474,0.20
2524,1554,0.32
1554,2373,0.20
2520,2367,2.99
2518,2355,6.67
2516,2356,4.61
2514,2351,3.82
2535,2536,15.26
2537,2538,15.26
2539,2540,14.00
2541,2542,14.01
2543,2544,27.62
2545,2546,27.62
2547,2548,27.61
2549,2550,27.61
2551,2552,27.63
2553,2554,27.64
2555,2556,27.61
2557,2558,27.62
2559,2560,27.63
2561,2170,0.10
2562,2366,2.06
2563,2564,103.91
2564,2565,50.44
119,124,23.50
124,123,10.14
123,2566,1.29
313,1950,51.02
1853,313,46.65
1856,272,0.20
272,1853,0.20
2443,1856,46.99
2476,500,18.57
1870,1947,107.14
1869,272,0.20
272,1870,0.36
500,1869,18.39
2475,119,153.58
2567,2477,50.09
2568,2223,117.01
2226,2569,115.87
2238,2089,8.31
2089,2222,0.20
2222,1965,0.20
2222,1966,41.24
748,1964,13.81
1966,2394,2.40
2394,861,6.79
861,863,3.92
863,865,0.23
865,867,0.23
867,869,3.65
869,2397,2.93
2397,753,11.62
2570,2079,44.03
2079,976,26.57
1866,2476,77.04
2571,1864,75.10
1864,40,0.20
40,1866,0.20
2475,2572,164.21
2477,2573,66.53
310,2472,49.89
2570,980,37.92
980,310,58.65
1873,2158,51.51
1857,310,0.20
310,1873,0.20
1860,1857,41.43
2571,1861,46.89
1861,274,0.20
274,1860,0.20
2563,2574,0.20
2574,2566,0.20
2566,125,1.06
125,2572,38.06
2226,53,33.39
53,777,28.82
777,2563,28.54
2570,422,0.20
422,2270,0.20
2571,422,0.20
422,2570,0.20
2572,422,0.20
422,2571,0.20
2270,422,0.20
422,2572,0.20
2575,2224,106.24
2576,1504,81.10
2577,2578,81.06
502,2579,14.69
2580,716,80.97
2581,502,56.61
497,2582,52.94
2583,497,18.28
687,717,80.62
2452,689,81.10
2383,2584,81.14
2578,544,56.46
66,553,13.81
483,66,33.01
2585,483,14.59
553,2586,33.87
544,2587,57.92
2588,2589,122.33
252,411,0.13
411,412,0.20
1499,2281,2.29
2590,1499,0.13
2591,2592,13.98
411,2590,20.43
2590,2591,0.20
2593,411,59.87
2594,1009,83.32
1009,1702,24.88
1706,2595,38.81
1734,29,40.73
29,1017,4.38
1017,1015,60.39
2595,1701,78.17
1542,1284,55.58
1539,2596,0.20
2596,1542,0.20
1537,1214,0.20
1214,1536,59.23
1286,1537,54.70
1546,1539,55.90
1287,2597,82.33
2598,2599,35.94
2599,2600,43.14
1285,42,0.20
42,1422,0.20
1422,1286,1.69
2600,42,0.20
42,1284,0.20
1288,42,0.20
42,1321,0.20
1321,2600,3.33
42,1287,0.20
1734,1319,4.21
1319,225,0.20
225,1430,0.20
1430,1701,2.38
1546,225,0.20
225,1734,0.20
1536,1429,3.05
1429,225,0.20
225,1320,0.20
1320,1546,3.65
1700,225,0.20
225,1536,0.20
2593,1315,4.06
1315,251,0.20
251,1418,0.20
1418,1702,2.82
1015,251,0.20
251,1721,0.20
1721,2593,0.20
1706,1417,2.13
1417,251,0.20
251,1316,0.20
1316,1015,4.08
1703,251,0.20
251,1707,0.20
2601,435,55.70
319,2602,43.58
2594,254,0.20
254,2601,0.20
2592,1314,2.96
1314,254,0.20
254,1419,0.20
1419,2594,4.06
2588,254,0.20
254,2592,0.20
2601,1420,4.04
1420,254,0.20
254,1313,0.20
1313,2588,2.91
2589,261,0.20
261,2587,0.20
2586,261,0.20
261,2602,0.20
2602,1421,4.19
1421,261,0.20
261,1311,0.20
1311,2589,4.27
689,323,0.20
323,687,0.20
2584,1364,0.37
1364,323,0.20
323,1380,0.20
1380,689,2.75
2582,323,0.20
323,2584,0.20
687,323,1.61
323,1390,0.20
1390,323,0.20
323,1365,0.20
1365,323,0.20
323,2582,0.20
717,1367,0.20
1367,716,0.20
2583,1367,0.10
1367,1366,0.20
1366,1367,0.20
1367,1389,0.20
1389,1367,0.20
1367,717,2.00
2581,1367,0.20
1367,2583,0.20
716,1367,2.01
1367,1388,0.20
1388,1367,0.20
1367,1369,0.20
1369,1367,0.20
1367,2581,0.20
2580,1503,0.20
1503,568,0.20
568,1504,0.20
2579,568,0.20
568,1370,0.20
1370,568,0.20
568,1387,0.20
1387,568,0.20
568,2580,1.72
2577,568,0.20
568,2579,0.20
1504,568,0.20
568,1379,0.20
1379,569,0.20
569,1371,0.20
1371,568,0.20
568,2577,0.20
2578,70,0.36
70,1372,0.20
1372,570,0.20
570,1378,0.20
1378,70,0.27
70,2576,0.20
2603,70,2.38
70,2604,0.20
2604,567,0.20
567,2605,0.20
2605,70,0.20
70,2585,1.93
2576,1307,3.82
1307,70,0.20
70,1426,0.20
1426,2603,5.20
2585,1423,4.56
1423,70,0.20
70,1310,0.20
1310,2578,3.86
188,726,0.22
188,2606,0.20
188,719,0.20
188,720,5.04
724,2607,4.92
188,724,0.20
2606,188,0.20
188,723,0.20
459,2608,69.01
2609,726,82.25
2606,2610,0.20
2610,148,60.53
148,459,2.72
2576,414,24.52
414,2611,62.83
2611,1505,16.84
2612,2603,122.01
1067,2613,124.03
2614,1210,13.37
1210,1207,2.37
1207,142,60.00
142,2615,25.52
2616,1967,93.15
1967,2617,25.23
2618,1617,121.64
1621,2619,121.08
2620,1618,19.94
1623,2621,127.55
1618,1301,2.17
1301,4,0.20
4,1325,0.20
1325,1623,3.05
1620,4,0.20
4,1619,0.20
1617,1331,2.90
1331,4,0.20
4,1312,0.20
1312,1621,2.15
1622,4,0.20
4,1616,0.20
2619,1318,2.97
1318,3,0.20
3,1330,0.20
1330,2618,4.89
2615,3,0.20
3,2619,0.20
2616,1329,6.21
1329,3,0.20
3,1323,0.20
1323,2615,2.91
2618,3,0.20
3,2616,0.20
2614,1303,3.19
1303,1,0.20
1,1327,0.20
1327,2617,5.10
1067,1,0.20
1,1069,0.20
1069,2614,0.20
2337,1324,5.05
1324,1,0.20
1,1304,0.20
1304,1067,3.27
2617,1,0.20
1,2337,0.20
2613,1305,3.55
1305,59,0.20
59,2622,0.20
2622,2340,5.93
1505,2004,0.16
2004,2613,3.08
2612,1427,5.99
1427,59,0.20
59,1306,0.20
1306,1505,0.92
2340,59,0.20
59,2612,0.20
2623,2003,78.14
722,2607,0.20
720,1969,70.14
1969,2624,47.48
2003,722,38.74
1027,2625,34.69
2626,1028,33.26
2627,2628,81.26
665,666,8.55
666,2629,173.77
2630,2631,186.27
2632,2633,82.13
2634,2635,82.77
2636,1294,80.96
2637,2638,81.09
2639,1299,81.31
2640,2641,82.03
2642,2643,2.72
2644,2645,3.14
2645,2646,0.20
2647,2646,0.20
2648,2084,3.60
2085,2647,2.19
2649,2642,0.20
2649,2648,0.20
2650,2649,0.20
2646,2651,0.20
2652,2650,0.37
2643,2644,3.35
2653,2652,27.41
2652,615,3.21
615,149,13.21
149,2654,18.13
2655,2656,80.48
2657,1295,81.39
2658,2659,83.03
2660,2661,0.20
2661,2662,83.56
2662,2663,0.15
2664,2665,80.85
2608,2666,80.79
1688,718,122.06
2666,2610,110.57
1698,2667,0.20
2667,2668,43.85
2115,20,40.62
20,1690,0.20
2669,2670,26.05
2670,1000,0.20
2664,336,41.96
336,2669,29.73
2668,2115,8.28
1633,1639,32.94
1697,1632,31.74
1632,2104,0.20
2105,2660,60.00
2104,1633,0.20
1639,2671,0.20
2671,2672,39.64
2658,2673,35.62
2673,2105,17.97
1295,491,58.09
2002,2656,32.40
491,2002,12.22
2674,1296,123.09
477,465,30.51
465,2675,12.87
2676,477,55.84
2640,2677,0.20
2677,152,66.47
152,2654,47.15
2638,65,79.08
65,1299,24.36
2678,2679,125.29
2634,156,35.94
156,2636,83.28
2680,2633,127.12
2424,338,43.05
2655,2424,32.16
1215,521,35.18
521,1079,15.24
338,2657,18.73
1582,2681,26.24
2681,1215,26.20
2682,2663,27.62
2659,2683,0.64
2683,2107,58.10
2107,2682,25.53
1588,2684,48.28
2684,2685,16.08
2685,2686,16.18
2686,2687,26.86
2687,1585,1.70
2112,2688,25.99
2688,999,0.20
2665,479,50.37
479,2112,26.99
2689,1589,15.48
440,2641,25.85
2653,440,88.50
2690,1078,123.99
1434,2637,59.48
455,1434,28.65
2639,455,15.52
1581,2691,53.49
1580,474,0.20
474,1581,0.20
2692,1580,60.82
1294,2635,124.09
1579,1292,125.38
2693,2632,127.05
1578,2694,0.34
2694,2695,127.13
2635,176,0.20
176,2428,0.20
2428,1579,0.66
2632,176,0.20
176,2635,0.20
2694,2429,0.20
2429,176,0.20
176,2632,0.20
1579,407,0.29
407,1578,0.20
1293,384,0.20
384,1294,0.20
2692,385,0.24
385,1292,2.57
2637,384,0.20
384,2427,0.20
2427,2692,0.85
384,2637,0.20
2639,110,0.20
110,2425,0.20
2425,2691,0.58
2641,110,0.20
110,1415,0.20
1415,2639,2.15
2690,2432,0.20
2432,110,0.20
110,2641,0.20
2691,1413,1.69
1413,110,0.20
110,2696,0.20
2696,2690,0.20
2653,2433,0.20
2433,297,0.20
297,2431,0.20
2431,1078,0.60
2655,297,0.20
297,2430,0.20
2430,2653,0.20
1079,297,0.20
297,2655,0.20
1078,297,0.20
297,1079,0.20
2657,178,0.20
178,1582,0.20
2659,178,0.20
178,2657,0.20
2687,178,0.20
178,2683,0.20
1582,178,0.20
178,1585,0.20
2663,2108,0.20
2108,1588,0.20
999,2108,0.20
2108,2662,0.20
1589,2108,0.20
2108,2688,0.20
1587,2108,0.20
2108,1590,0.20
2665,1487,0.20
1487,2689,98.11
2608,1487,0.20
1487,2665,0.20
2697,1487,2.99
1487,2608,0.20
2631,2280,0.20
2280,2628,0.20
665,2280,0.20
2280,2631,0.20
2626,2280,0.20
2280,665,0.20
2628,2280,0.20
2280,2626,0.20
2624,220,0.20
220,2623,0.20
2627,220,0.20
220,2624,0.20
2625,220,0.20
220,2627,0.20
2623,220,0.20
220,2625,0.20
1688,768,0.20
768,1689,0.20
2666,768,0.20
768,1688,0.20
2664,768,0.20
768,2666,0.20
1690,768,0.20
768,2664,0.20
1697,654,0.20
654,2660,0.20
1698,654,0.20
654,1696,0.20
2670,654,0.20
654,2667,0.20
2661,654,0.20
654,1000,0.20
290,2658,0.20
290,1295,0.20
2672,290,0.20
290,1296,0.20
2658,290,0.20
290,2672,0.20
2675,2484,0.20
2484,557,0.20
557,2204,0.20
2204,2654,0.20
2674,557,0.20
557,2698,0.20
2698,557,0.20
557,2699,0.20
2699,2675,0.20
2656,557,0.20
557,2674,0.20
2654,2205,1.02
2205,557,0.20
557,2700,0.20
2700,2656,1.06
2676,2701,0.20
2701,111,0.20
111,2702,0.20
2702,2677,0.20
111,2703,0.20
2703,2640,0.20
111,2676,0.20
1298,111,0.20
111,1299,0.20
2638,241,0.29
241,1395,0.20
1395,2336,0.28
2636,241,0.20
241,1394,0.20
1394,2678,0.19
2678,240,1.33
240,2336,0.10
2636,383,1.33
383,2638,0.10
2633,175,0.20
175,1392,0.20
1392,1193,0.59
2634,175,0.20
175,2633,0.20
2679,1393,0.42
1393,175,0.20
175,2634,0.20
1193,179,1.91
179,2679,0.45
1077,2690,37.39
1076,109,0.20
109,1077,0.20
2704,1076,37.60
2705,2691,82.94
2585,2706,80.49
2707,126,52.56
126,2603,18.72
2708,2709,82.09
2710,2711,82.22
2712,2675,80.28
2674,2713,80.74
2707,326,0.20
326,2711,0.20
2706,326,0.20
326,2714,0.20
2714,326,0.20
326,2715,0.20
2715,326,0.20
326,2707,1.38
2708,326,0.20
326,2706,0.20
2711,2716,3.66
2716,326,0.20
326,2717,0.20
2717,2708,0.28
2710,558,0.20
558,2712,0.20
2709,558,0.20
558,2718,0.20
2718,558,0.20
558,2719,0.20
2719,2710,2.38
2713,558,0.20
558,2709,0.20
2712,2720,2.21
2720,558,0.20
558,2721,0.20
2721,2713,0.40
1083,442,29.17
2722,1081,121.97
442,2723,78.81
2724,943,124.78
942,309,58.47
309,2531,56.82
1925,2365,125.17
2333,305,44.76
305,2530,71.46
2724,2016,0.20
2531,2016,0.20
2453,2724,82.16
2723,1471,80.72
1471,635,0.20
2722,2533,80.46
2531,2016,0.20
2016,2724,0.20
2722,2016,0.20
2016,2531,0.20
2723,2016,0.20
2016,2722,0.20
2724,2016,0.20
2016,2723,0.20
1891,1890,4.87
2725,2726,3.26
1889,2725,4.43
2727,901,5.69
902,1877,5.81
2728,899,5.94
900,1879,5.94
2729,2727,0.20
2730,2728,0.20
2602,1878,34.17
1878,2730,7.67
2730,2586,39.73
2390,2726,82.38
2731,2732,38.29
1647,2733,38.43
2587,2734,80.19
1715,565,23.27
565,566,18.36
566,2589,19.49
1720,546,51.49
898,2735,0.20
546,2736,21.40
897,2737,82.77
2389,2136,42.65
2136,2127,2.41
2127,2450,28.12
1762,2738,39.57
2738,2388,38.46
2584,2049,88.95
2049,2389,28.55
2390,2582,123.44
2735,257,0.20
897,2739,50.63
514,2735,23.85
2583,433,55.79
433,514,32.97
2739,2581,67.23
2579,2740,67.67
2740,2737,50.80
2734,2015,59.78
2015,2577,59.13
2741,68,0.20
68,2742,0.20
2742,2706,56.13
2731,563,30.29
563,68,18.13
2743,2744,0.20
2741,68,0.20
68,2743,57.79
2708,520,15.98
520,2741,30.96
68,2742,0.20
2745,2746,0.20
2746,366,53.52
364,2747,53.85
2713,508,14.79
366,2709,58.55
508,364,36.33
1296,799,3.75
799,1220,16.55
1220,145,3.69
145,2747,40.02
1624,2672,82.86
2744,1407,56.91
1407,2745,18.53
1646,1635,80.58
2737,258,0.20
258,2734,0.20
1720,258,0.20
258,2737,0.20
1715,258,0.20
258,1720,0.20
2734,258,0.20
258,1715,0.20
2736,257,0.20
257,897,0.20
2748,257,0.20
257,2736,0.20
257,2748,0.20
2731,265,0.20
265,2743,0.20
1647,265,0.20
265,2731,0.20
1645,265,0.20
265,1648,0.20
2744,265,0.20
265,1646,0.20
2746,264,0.20
264,2747,0.20
1635,264,0.20
264,2745,0.20
1625,264,0.20
264,1636,0.20
2747,264,0.20
264,1624,0.20
1022,2729,274.35
2729,2733,0.20
2726,1880,274.59
1880,2732,0.20
2749,2750,84.91
1547,201,0.20
201,2751,0.20
2750,201,0.20
201,1551,0.20
1551,1247,82.07
1544,201,0.20
201,1552,0.20
2750,201,0.20
201,2751,0.20
2441,2750,82.75
2751,2752,84.77
2751,234,12.18
234,2279,13.66
2279,2600,44.60
1284,1547,83.33
1244,2172,83.82
2163,2405,67.75
2405,2753,11.37
1743,1052,84.21
2753,2468,124.26
2468,2173,8.02
1550,2754,0.20
2754,2172,122.06
2753,1204,0.20
1204,2754,0.20
1743,1204,0.20
1204,2753,0.20
1745,1204,0.20
1204,1743,0.20
1550,1204,0.20
1204,1746,0.20
2755,1073,34.56
1071,2628,27.45
1072,2756,33.98
2627,1070,27.56
1528,1291,33.17
1521,1520,30.03
2757,226,38.99
1286,1958,38.84
1262,1484,38.08
1484,2624,33.05
1519,101,0.20
101,1262,0.20
102,1521,0.20
1290,227,0.20
227,1527,0.20
1073,2758,0.20
2758,1071,0.20
2759,632,0.20
632,2755,0.20
2760,2140,36.72
2140,2759,31.32
2761,633,0.20
633,2760,0.20
226,1287,38.05
2762,227,0.20
227,2757,0.20
2763,2137,31.39
2137,2762,36.93
2756,101,0.20
101,2763,0.20
2755,632,0.20
632,2764,0.20
2756,2755,81.26
2759,632,0.20
632,2765,0.20
2763,2759,82.01
2760,633,0.20
633,2766,2.30
2762,2760,81.19
2761,2767,7.21
2767,2768,8.51
2757,1005,34.35
1005,2761,41.82
1290,227,0.20
227,2757,0.20
1528,227,0.20
227,2762,0.20
1520,101,0.20
101,2763,0.20
1262,101,0.20
101,2756,0.20
2764,632,0.20
632,2765,0.20
2631,2439,32.14
2439,2769,33.86
2765,2770,43.24
632,2771,29.66
2769,2764,0.78
2772,2773,0.17
2773,2761,38.45
1070,235,0.20
235,1072,0.20
1958,1289,0.20
665,664,79.59
2774,2626,82.46
2625,2775,82.99
2776,2623,83.11
2777,2765,82.28
2778,2769,186.40
2432,2696,0.20
2696,109,0.20
109,2779,47.67
2432,110,0.20
111,2703,0.20
2703,2702,1.61
2702,111,0.20
111,1432,0.35
1298,111,0.20
111,2701,0.20
2701,1432,5.21
110,1414,0.20
1414,2425,2.16
1373,1309,3.09
1309,70,0.20
70,1424,0.20
1424,2780,2.22
2698,557,0.20
557,2700,0.20
2700,1359,9.41
2781,1425,2.20
1425,70,0.20
70,1308,0.20
1308,1377,2.88
2484,2699,0.10
2604,2781,2.77
2699,2720,78.73
2720,558,0.20
558,2719,0.20
2719,2716,83.24
2716,326,0.20
326,2715,0.20
2715,2604,80.67
2780,2605,2.99
2605,2714,80.66
2721,559,34.93
559,2698,18.41
2714,326,0.20
326,2717,0.20
2717,325,39.60
325,2718,34.92
2718,558,0.20
558,2721,0.20
1428,59,0.20
59,2622,0.20
2622,166,62.84
45,2465,40.48
2050,2134,10.13
2134,2132,5.21
2131,2050,2.33
1496,1205,30.97
669,489,6.76
489,2199,3.13
2782,2280,190.57
413,268,83.19
415,414,1.25
414,146,3.25
59,1505,0.20
1505,2611,35.61
2611,57,0.15
784,471,13.63
471,531,29.59
531,641,19.21
2783,2784,3003.78
273,416,0.21
2785,273,0.20
1858,2786,0.20
73,324,25.71
888,784,124.43
2787,2280,85.53
71,418,10.55
418,392,28.26
1976,1189,16.25
1976,961,39.47
961,962,13.71
962,2008,16.15
2008,2264,15.21
2264,2013,8.13
33,1977,76.91
1977,2330,26.44
2330,2010,56.15
2010,422,71.52
420,419,58.32
39,421,64.32
39,2788,47.39
2788,2789,48.46
2789,2790,49.35
2790,2791,12.52
422,41,35.32
197,1897,0.20
1897,1053,0.20
1053,1400,1.81
421,423,48.68
423,303,47.46
1999,697,0.20
697,2184,17.82
2184,2792,9.24
425,424,21.64
34,426,39.39
428,427,44.17
430,429,2.26
429,431,56.77
431,432,0.53
434,433,33.42
250,2595,0.20
2595,12,51.40
12,2116,26.18
298,435,3.76
435,322,19.14
322,436,11.14
438,437,22.92
439,167,45.07
2793,1569,32.78
441,440,35.86
443,442,3.13
442,444,38.22
446,445,35.63
445,447,0.20
449,448,45.12
448,450,51.01
452,451,22.95
454,453,46.79
287,109,125.79
1257,1538,34.62
2102,61,5.03
61,2150,24.46
2150,2339,37.47
2339,166,0.20
328,2465,60.26
392,1333,0.88
1333,2794,71.64
272,423,57.73
2795,2773,111.92
2773,75,40.46
75,226,31.31
456,455,27.86
458,457,40.99
333,459,0.12
459,460,25.53
462,461,35.22
464,463,32.23
466,465,33.77
465,467,0.20
2022,2740,1.08
2740,2739,82.09
2739,1470,0.32
469,468,45.29
471,470,0.93
470,472,39.69
2017,2738,0.37
2738,36,123.49
2673,2796,59.13
473,338,32.83
659,1744,85.61
2797,2141,37.97
475,474,0.61
474,95,84.54
477,476,82.90
476,478,43.53
281,45,1.58
303,2798,262.67
310,1858,42.53
1858,2126,21.43
2107,2105,83.11
482,481,29.90
2799,1598,58.74
1598,1599,35.39
1599,2464,63.43
2464,673,2.29
607,2574,0.20
2574,123,1.13
123,124,10.13
124,119,23.49
119,2564,40.90
2564,2788,52.52
69,483,3.67
483,484,38.85
183,485,32.08
183,529,57.30
487,486,84.57
56,2789,82.81
2789,2800,70.45
2800,2801,10.54
489,488,39.75
84,490,16.77
253,2591,0.30
2591,2282,81.03
2282,279,2.05
332,148,0.42
148,147,68.68
492,491,1.70
491,493,38.27
495,494,39.27
494,496,0.63
2681,2802,35.60
38,2803,37.38
194,1948,0.20
1948,313,50.40
313,272,49.02
498,497,40.68
500,499,77.58
221,501,33.59
503,502,40.73
505,504,30.30
507,506,38.01
506,487,0.20
2118,81,30.64
81,2102,46.23
509,508,1.13
508,510,39.31
2112,2669,81.77
2669,2114,0.84
2685,2804,41.88
1626,2671,83.15
2671,2106,0.33
297,522,17.75
2113,2668,0.20
2668,656,82.24
512,511,46.57
139,513,45.06
2805,2096,43.56
2686,2806,17.88
2807,316,33.11
2124,2126,21.68
515,514,37.62
517,516,48.76
1495,1496,46.63
95,518,74.17
543,659,69.65
1352,1353,0.59
1353,1350,4.20
1350,1349,2.82
1349,1341,0.20
1341,1036,0.20
1036,1351,36.75
1351,1348,18.27
1348,1352,41.59
1758,304,122.41
785,451,43.41
451,357,2.62
357,437,13.63
437,639,46.07
520,519,42.08
522,521,0.10
521,523,38.27
524,182,59.71
2808,2689,89.55
2689,2111,1.12
526,525,86.24
1943,2119,11.58
2104,1634,78.95
1634,1486,75.87
528,517,38.84
531,530,1.34
530,532,38.57
104,103,38.97
534,533,44.24
562,202,83.83
536,535,35.16
538,537,42.35
537,539,0.10
541,540,20.43
540,388,0.77
238,409,137.07
542,445,19.36
543,262,67.25
545,544,68.83
544,67,3.28
547,546,32.38
546,256,0.81
549,548,34.01
2809,2682,41.13
2424,2002,75.96
551,550,43.75
535,552,47.61
554,553,33.37
553,555,3.15
301,386,60.15
2810,2003,89.53
2811,2758,2.13
2758,235,81.27
767,1682,121.72
2684,2812,41.21
556,228,45.05
224,2596,2.43
2596,1553,83.95
2564,2813,0.20
2814,2564,0.20
2327,2369,1.04
2369,1903,7.34
1903,211,0.20
254,1650,81.72
261,555,37.62
555,67,14.20
59,166,59.36
2280,2811,31.06
2811,632,36.36
1674,1257,124.12
1674,772,22.05
772,767,3.19
767,771,0.20
111,477,51.13
477,154,0.20
154,2483,13.70
2483,467,7.86
467,557,13.15
557,151,16.98
151,297,44.62
559,558,34.94
558,509,14.80
2815,234,0.20
2465,1462,7.21
1462,33,35.93
1153,505,53.82
2816,2817,142.44
505,1158,59.75
1158,425,20.85
425,2818,98.53
2818,2819,9.48
2819,2816,136.91
2820,2122,2.71
2821,2822,20.90
2139,2822,0.20
2822,2121,4.60
2138,2821,0.20
2823,626,0.20
626,622,0.20
622,2824,37.60
808,806,0.20
806,805,33.74
807,1992,19.48
2396,2394,0.20
2392,1993,4.48
2396,2393,12.85
2395,857,0.89
859,754,12.95
834,843,0.10
843,847,45.06
1995,841,3.21
2825,1064,0.20
1064,750,99.54
1994,1065,1.12
1065,2826,0.20
2826,2825,9.94
2827,2828,9.11
2829,2830,8.91
847,2831,38.16
2508,1997,3.24
2019,2507,0.64
2507,2508,49.48
1742,1960,90.59
561,560,37.55
2832,2833,2.35
2833,2832,74.71
2599,2833,0.20
564,563,25.38
269,60,41.70
267,15,71.03
15,888,45.52
888,430,38.69
430,1930,10.19
1930,883,17.35
644,469,59.65
469,888,13.76
644,2092,104.78
703,638,82.43
698,359,86.04
359,1139,27.36
636,1148,79.88
638,1148,121.57
1148,2834,128.12
1968,2835,247.83
259,565,0.46
565,566,42.10
566,260,0.49
2836,2837,137.75
2837,446,40.27
446,84,48.35
84,1800,18.02
1800,1805,0.20
1805,1789,122.05
2016,2534,80.25
2534,2327,1.67
2016,443,78.80
443,1084,31.20
1084,1402,0.20
2016,2722,0.20
2016,2723,0.20
2091,636,27.46
2838,2436,63.96
2436,2837,28.26
2837,231,88.42
231,63,86.46
2839,2151,4.30
2103,2839,2.00
2840,2147,3.69
236,2840,5.64
2156,2338,4.18
480,479,43.56
